1 992
2 710
3 818
4 502
5 329
6 870
7 570
8 865
9 463
10 593
11 188
12 168
13 233
14 345
15 310
16 863
17 800
18 335
19 901
20 730
21 478
22 775
23 413
24 455
25 859
26 456
27 530
28 733
29 365
30 200
31 168
32 798
33 435
34 807
35 963
36 840
37 222
38 122
39 252
40 217
41 269
42 736
43 417
44 496
45 411
46 785
47 432
48 17
49 831
50 194
51 255
52 176
53 96
54 588
55 115
56 463
57 67
58 605
59 956
60 42
61 859
62 798
63 417
64 816
65 763
66 123
67 949
68 500
69 330
70 2
71 357
72 641
73 460
74 291
75 100
76 28
77 433
78 926
79 46
80 955
81 869
82 161
83 621
84 796
85 956
86 760
87 595
88 176
89 175
90 135
91 693
92 742
93 966
94 12
95 56
96 147
97 204
98 199
99 636
100 767
101 122
102 907
103 169
104 132
105 809
106 14
107 833
108 392
109 424
110 868
111 436
112 961
113 837
114 610
115 506
116 8
117 844
118 598
119 449
120 438
121 370
122 772
123 83
124 771
125 260
126 428
127 930
128 925
129 681
130 367
131 179
132 573
133 640
134 599
135 973
136 446
137 24
138 606
139 812
140 111
141 658
142 975
143 815
144 840
145 4
146 417
147 506
148 1
149 653
150 746
151 216
152 645
153 353
154 256
155 440
156 53
157 928
158 811
159 483
160 962
161 135
162 334
163 408
164 634
165 290
166 980
167 468
168 996
169 748
170 383
171 633
172 902
173 277
174 315
175 274
176 651
177 182
178 9
179 440
180 275
181 84
182 112
183 604
184 882
185 31
186 30
187 610
188 634
189 630
190 309
191 806
192 452
193 953
194 928
195 589
196 450
197 19
198 924
199 435
200 216
201 658
202 732
203 412
204 161
205 83
206 372
207 689
208 190
209 895
210 911
211 906
212 609
213 460
214 540
215 946
216 328
217 409
218 163
219 915
220 396
221 523
222 550
223 87
224 225
225 565
226 530
227 808
228 640
229 711
230 949
231 373
232 232
233 701
234 953
235 793
236 76
237 370
238 462
239 569
240 462
241 618
242 759
243 234
244 632
245 161
246 162
247 637
248 395
249 699
250 915
251 40
252 897
253 865
254 946
255 731
256 300
257 604
258 552
259 435
260 962
261 218
262 465
263 94
264 456
265 138
266 771
267 796
268 691
269 237
270 198
271 558
272 133
273 43
274 627
275 629
276 924
277 407
278 718
279 290
280 375
281 921
282 240
283 478
284 594
285 742
286 773
287 877
288 50
289 373
290 421
291 211
292 714
293 64
294 398
295 459
296 962
297 501
298 174
299 680
300 649
301 585
302 470
303 714
304 97
305 176
306 202
307 600
308 593
309 939
310 573
311 388
312 521
313 966
314 649
315 143
316 438
317 548
318 924
319 537
320 613
321 274
322 910
323 365
324 660
325 438
326 335
327 487
328 100
329 282
330 445
331 115
332 75
333 8
334 243
335 27
336 606
337 43
338 590
339 325
340 51
341 119
342 809
343 247
344 340
345 23
346 936
347 616
348 32
349 113
350 969
351 596
352 451
353 360
354 318
355 691
356 102
357 334
358 799
359 430
360 209
361 132
362 765
363 895
364 949
365 791
366 993
367 941
368 510
369 536
370 515
371 209
372 725
373 49
374 135
375 424
376 564
377 591
378 625
379 492
380 27
381 232
382 9
383 905
384 488
385 227
386 650
387 786
388 810
389 270
390 708
391 981
392 478
393 271
394 297
395 786
396 914
397 83
398 365
399 299
400 727
401 981
402 342
403 776
404 437
405 396
406 403
407 242
408 742
409 27
410 345
411 417
412 452
413 22
414 481
415 61
416 758
417 238
418 885
419 717
420 357
421 921
422 945
423 864
424 134
425 41
426 902
427 502
428 120
429 55
430 233
431 177
432 916
433 660
434 699
435 453
436 485
437 292
438 993
439 546
440 205
441 863
442 148
443 874
444 687
445 797
446 635
447 923
448 355
449 158
450 764
451 314
452 123
453 91
454 881
455 970
456 533
457 140
458 927
459 760
460 657
461 487
462 522
463 132
464 922
465 241
466 525
467 646
468 569
469 245
470 406
471 850
472 549
473 710
474 173
475 954
476 247
477 179
478 92
479 55
480 746
481 478
482 498
483 188
484 584
485 16
486 34
487 399
488 7
489 13
490 89
491 580
492 386
493 207
494 189
495 463
496 836
497 162
498 664
499 990
500 71
501 411
502 884
503 201
504 898
505 998
506 848
507 647
508 922
509 258
510 769
511 670
512 463
513 435
514 756
515 671
516 927
517 476
518 55
519 579
520 128
521 679
522 615
523 950
524 487
525 787
526 548
527 359
528 118
529 33
530 585
531 304
532 697
533 291
534 728
535 369
536 625
537 288
538 195
539 987
540 490
541 640
542 764
543 139
544 39
545 369
546 221
547 894
548 62
549 356
550 692
551 123
552 269
553 247
554 998
555 394
556 211
557 744
558 477
559 815
560 692
561 882
562 348
563 378
564 604
565 23
566 399
567 278
568 965
569 323
570 903
571 84
572 372
573 952
574 979
575 307
576 141
577 843
578 426
579 782
580 487
581 67
582 917
583 43
584 41
585 745
586 434
587 787
588 716
589 160
590 362
591 619
592 451
593 715
594 292
595 390
596 292
597 277
598 659
599 661
600 682
601 641
602 578
603 116
604 988
605 990
606 392
607 369
608 365
609 446
610 103
611 724
612 318
613 660
614 62
615 590
616 977
617 704
618 38
619 711
620 388
621 409
622 113
623 816
624 973
625 141
626 678
627 337
628 749
629 160
630 753
631 937
632 517
633 150
634 512
635 448
636 861
637 815
638 425
639 18
640 44
641 830
642 919
643 322
644 881
645 157
646 435
647 344
648 32
649 289
650 398
651 417
652 200
653 126
654 676
655 641
656 825
657 447
658 101
659 520
660 594
661 948
662 438
663 438
664 553
665 408
666 636
667 660
668 140
669 181
670 960
671 281
672 76
673 727
674 326
675 69
676 226
677 562
678 464
679 205
680 386
681 64
682 903
683 148
684 315
685 915
686 561
687 123
688 952
689 19
690 454
691 437
692 361
693 725
694 172
695 929
696 666
697 489
698 403
699 212
700 877
701 742
702 43
703 386
704 300
705 428
706 737
707 41
708 854
709 93
710 321
711 947
712 419
713 248
714 701
715 374
716 963
717 84
718 627
719 969
720 256
721 158
722 604
723 621
724 12
725 135
726 393
727 453
728 372
729 334
730 616
731 748
732 172
733 709
734 237
735 434
736 581
737 609
738 628
739 386
740 193
741 867
742 314
743 595
744 279
745 191
746 27
747 369
748 322
749 166
750 877
751 767
752 428
753 252
754 492
755 4
756 584
757 863
758 127
759 607
760 924
761 90
762 840
763 15
764 797
765 750
766 473
767 868
768 637
769 140
770 858
771 612
772 927
773 625
774 111
775 675
776 627
777 990
778 389
779 66
780 973
781 875
782 949
783 954
784 904
785 496
786 425
787 165
788 728
789 408
790 396
791 194
792 917
793 354
794 223
795 555
796 275
797 53
798 749
799 924
800 390
801 935
802 975
803 131
804 491
805 666
806 844
807 462
808 618
809 971
810 600
811 549
812 360
813 41
814 990
815 429
816 273
817 167
818 440
819 990
820 786
821 646
822 955
823 10
824 755
825 282
826 136
827 651
828 779
829 806
830 12
831 879
832 591
833 278
834 977
835 250
836 715
837 890
838 989
839 617
840 881
841 82
842 72
843 518
844 406
845 139
846 900
847 309
848 777
849 380
850 733
851 386
852 280
853 685
854 823
855 900
856 19
857 245
858 639
859 922
860 497
861 197
862 546
863 457
864 729
865 63
866 161
867 311
868 977
869 877
870 958
871 367
872 802
873 607
874 200
875 401
876 261
877 741
878 778
879 733
880 294
881 220
882 635
883 172
884 423
885 209
886 566
887 107
888 224
889 248
890 945
891 901
892 929
893 759
894 362
895 204
896 218
897 324
898 94
899 436
900 162
901 239
902 395
903 476
904 331
905 861
906 477
907 82
908 191
909 107
910 438
911 625
912 460
913 243
914 366
915 274
916 746
917 710
918 187
919 436
920 430
921 646
922 873
923 825
924 415
925 191
926 810
927 271
928 405
929 105
930 953
931 375
932 481
933 308
934 425
935 117
936 88
937 625
938 338
939 869
940 849
941 209
942 363
943 990
944 254
945 757
946 91
947 430
948 743
949 265
950 241
951 410
952 889
953 629
954 604
955 296
956 718
957 401
958 117
959 499
960 718
961 84
962 937
963 250
964 388
965 689
966 786
967 5
968 875
969 431
970 628
971 949
972 743
973 436
974 437
975 864
976 584
977 533
978 582
979 973
980 392
981 140
982 214
983 538
984 654
985 591
986 310
987 463
988 11
989 81
990 39
991 38
992 186
993 183
994 863
995 346
996 765
997 145
998 499
999 73
1000 674
1001 938
1002 206
1003 568
1004 372
1005 190
1006 416
1007 561
1008 662
1009 664
1010 298
1011 419
1012 586
1013 413
1014 813
1015 983
1016 928
1017 32
1018 194
1019 178
1020 210
1021 275
1022 36
1023 635
1024 732
1025 286
1026 74
1027 971
1028 97
1029 224
1030 600
1031 532
1032 456
1033 703
1034 877
1035 744
1036 741
1037 61
1038 632
1039 879
1040 972
1041 241
1042 835
1043 308
1044 737
1045 895
1046 714
1047 45
1048 747
1049 941
1050 117
1051 557
1052 655
1053 763
1054 480
1055 79
1056 608
1057 479
1058 828
1059 593
1060 83
1061 234
1062 54
1063 419
1064 57
1065 738
1066 109
1067 362
1068 198
1069 532
1070 625
1071 182
1072 919
1073 309
1074 919
1075 380
1076 505
1077 534
1078 337
1079 529
1080 443
1081 402
1082 810
1083 284
1084 957
1085 510
1086 647
1087 973
1088 490
1089 268
1090 753
1091 648
1092 305
1093 827
1094 551
1095 457
1096 58
1097 870
1098 961
1099 859
1100 987
1101 375
1102 711
1103 793
1104 994
1105 936
1106 167
1107 999
1108 77
1109 422
1110 126
1111 734
1112 213
1113 747
1114 734
1115 906
1116 913
1117 390
1118 837
1119 378
1120 823
1121 265
1122 742
1123 732
1124 965
1125 639
1126 321
1127 530
1128 830
1129 136
1130 325
1131 981
1132 312
1133 474
1134 830
1135 444
1136 586
1137 670
1138 169
1139 41
1140 146
1141 572
1142 101
1143 688
1144 524
1145 59
1146 692
1147 933
1148 863
1149 745
1150 350
1151 473
1152 122
1153 275
1154 246
1155 464
1156 164
1157 963
1158 878
1159 771
1160 777
1161 323
1162 206
1163 573
1164 56
1165 442
1166 738
1167 452
1168 289
1169 706
1170 865
1171 309
1172 972
1173 466
1174 857
1175 484
1176 981
1177 559
1178 456
1179 567
1180 707
1181 338
1182 590
1183 862
1184 823
1185 598
1186 22
1187 626
1188 898
1189 105
1190 843
1191 423
1192 208
1193 13
1194 72
1195 711
1196 832
1197 609
1198 15
1199 356
1200 397
1201 200
1202 642
1203 841
1204 143
1205 750
1206 712
1207 837
1208 322
1209 947
1210 24
1211 190
1212 553
1213 901
1214 193
1215 958
1216 443
1217 742
1218 570
1219 429
1220 163
1221 967
1222 349
1223 618
1224 397
1225 247
1226 302
1227 807
1228 572
1229 405
1230 417
1231 456
1232 537
1233 422
1234 449
1235 199
1236 590
1237 915
1238 69
1239 416
1240 585
1241 962
1242 286
1243 236
1244 892
1245 791
1246 115
1247 356
1248 929
1249 54
1250 373
1251 4
1252 690
1253 544
1254 399
1255 761
1256 470
1257 56
1258 540
1259 601
1260 152
1261 513
1262 212
1263 589
1264 602
1265 678
1266 858
1267 13
1268 23
1269 829
1270 45
1271 264
1272 341
1273 441
1274 998
1275 470
1276 945
1277 226
1278 505
1279 293
1280 733
1281 707
1282 244
1283 676
1284 236
1285 168
1286 988
1287 344
1288 287
1289 418
1290 199
1291 824
1292 800
1293 529
1294 693
1295 911
1296 659
1297 804
1298 439
1299 389
1300 484
1301 392
1302 74
1303 642
1304 859
1305 67
1306 149
1307 897
1308 940
1309 884
1310 533
1311 36
1312 371
1313 601
1314 706
1315 450
1316 277
1317 915
1318 418
1319 961
1320 794
1321 322
1322 683
1323 218
1324 815
1325 825
1326 374
1327 568
1328 968
1329 302
1330 615
1331 332
1332 274
1333 200
1334 497
1335 201
1336 582
1337 717
1338 622
1339 527
1340 209
1341 183
1342 548
1343 118
1344 296
1345 323
1346 835
1347 984
1348 793
1349 398
1350 363
1351 523
1352 741
1353 915
1354 947
1355 161
1356 34
1357 77
1358 780
1359 326
1360 869
1361 214
1362 348
1363 334
1364 348
1365 578
1366 54
1367 633
1368 938
1369 459
1370 278
1371 732
1372 755
1373 169
1374 354
1375 149
1376 367
1377 622
1378 141
1379 435
1380 500
1381 483
1382 493
1383 431
1384 331
1385 747
1386 724
1387 787
1388 181
1389 650
1390 803
1391 893
1392 183
1393 361
1394 666
1395 375
1396 24
1397 673
1398 5
1399 359
1400 59
1401 552
1402 665
1403 694
1404 863
1405 141
1406 516
1407 312
1408 524
1409 749
1410 953
1411 135
1412 185
1413 232
1414 787
1415 187
1416 465
1417 155
1418 305
1419 690
1420 964
1421 938
1422 704
1423 384
1424 889
1425 186
1426 974
1427 227
1428 568
1429 272
1430 290
1431 38
1432 237
1433 570
1434 90
1435 952
1436 770
1437 528
1438 156
1439 352
1440 876
1441 797
1442 454
1443 784
1444 901
1445 336
1446 216
1447 907
1448 514
1449 994
1450 823
1451 11
1452 538
1453 867
1454 93
1455 195
1456 39
1457 862
1458 948
1459 742
1460 41
1461 629
1462 186
1463 251
1464 533
1465 106
1466 749
1467 238
1468 205
1469 916
1470 415
1471 443
1472 522
1473 74
1474 557
1475 369
1476 668
1477 143
1478 666
1479 793
1480 682
1481 666
1482 681
1483 594
1484 996
1485 512
1486 95
1487 771
1488 933
1489 753
1490 927
1491 684
1492 967
1493 300
1494 295
1495 929
1496 527
1497 855
1498 847
1499 819
1500 583
1501 159
1502 346
1503 549
1504 794
1505 360
1506 197
1507 232
1508 626
1509 409
1510 508
1511 756
1512 549
1513 328
1514 708
1515 739
1516 886
1517 357
1518 843
1519 555
1520 360
1521 966
1522 723
1523 137
1524 477
1525 751
1526 926
1527 844
1528 981
1529 787
1530 308
1531 421
1532 882
1533 395
1534 647
1535 57
1536 344
1537 202
1538 239
1539 224
1540 402
1541 43
1542 586
1543 101
1544 143
1545 407
1546 699
1547 738
1548 92
1549 327
1550 907
1551 768
1552 451
1553 858
1554 37
1555 920
1556 65
1557 339
1558 267
1559 145
1560 77
1561 235
1562 423
1563 6
1564 643
1565 318
1566 364
1567 811
1568 241
1569 852
1570 378
1571 420
1572 281
1573 183
1574 392
1575 194
1576 13
1577 396
1578 219
1579 723
1580 521
1581 80
1582 13
1583 309
1584 306
1585 792
1586 641
1587 118
1588 453
1589 293
1590 891
1591 355
1592 666
1593 378
1594 557
1595 140
1596 846
1597 963
1598 955
1599 464
1600 856
1601 836
1602 248
1603 746
1604 531
1605 371
1606 945
1607 79
1608 418
1609 963
1610 312
1611 578
1612 563
1613 694
1614 387
1615 262
1616 530
1617 390
1618 466
1619 728
1620 6
1621 8
1622 56
1623 663
1624 912
1625 149
1626 25
1627 505
1628 655
1629 134
1630 34
1631 635
1632 873
1633 804
1634 701
1635 628
1636 476
1637 530
1638 387
1639 470
1640 115
1641 871
1642 60
1643 995
1644 348
1645 235
1646 523
1647 456
1648 534
1649 438
1650 757
1651 360
1652 975
1653 928
1654 696
1655 136
1656 436
1657 320
1658 31
1659 410
1660 754
1661 484
1662 179
1663 984
1664 384
1665 489
1666 886
1667 975
1668 656
1669 576
1670 401
1671 662
1672 19
1673 333
1674 358
1675 705
1676 433
1677 501
1678 615
1679 158
1680 810
1681 532
1682 181
1683 67
1684 398
1685 569
1686 141
1687 466
1688 840
1689 174
1690 837
1691 395
1692 434
1693 223
1694 772
1695 388
1696 402
1697 70
1698 15
1699 535
1700 98
1701 177
1702 815
1703 848
1704 462
1705 465
1706 224
1707 154
1708 342
1709 815
1710 781
1711 589
1712 618
1713 845
1714 359
1715 869
1716 533
1717 663
1718 941
1719 938
1720 507
1721 308
1722 276
1723 472
1724 740
1725 957
1726 87
1727 27
1728 810
1729 104
1730 883
1731 872
1732 439
1733 153
1734 329
1735 18
1736 272
1737 118
1738 39
1739 880
1740 710
1741 342
1742 656
1743 160
1744 475
1745 565
1746 294
1747 162
1748 953
1749 78
1750 714
1751 35
1752 470
1753 254
1754 867
1755 581
1756 844
1757 977
1758 226
1759 95
1760 733
1761 275
1762 190
1763 134
1764 971
1765 845
1766 715
1767 264
1768 501
1769 337
1770 566
1771 920
1772 574
1773 532
1774 995
1775 771
1776 40
1777 56
1778 871
1779 70
1780 710
1781 691
1782 98
1783 570
1784 399
1785 751
1786 260
1787 213
1788 701
1789 87
1790 600
1791 150
1792 397
1793 482
1794 205
1795 325
1796 314
1797 119
1798 553
1799 597
1800 866
1801 966
1802 649
1803 102
1804 274
1805 127
1806 620
1807 763
1808 581
1809 97
1810 14
1811 325
1812 264
1813 32
1814 783
1815 98
1816 769
1817 84
1818 523
1819 550
1820 477
1821 651
1822 605
1823 300
1824 952
1825 626
1826 988
1827 73
1828 775
1829 885
1830 328
1831 893
1832 410
1833 640
1834 997
1835 302
1836 318
1837 953
1838 694
1839 699
1840 487
1841 549
1842 853
1843 203
1844 546
1845 891
1846 183
1847 96
1848 136
1849 305
1850 941
1851 339
1852 542
1853 1
1854 444
1855 268
1856 945
1857 23
1858 198
1859 605
1860 800
1861 170
1862 874
1863 509
1864 602
1865 636
1866 934
1867 60
1868 622
1869 152
1870 237
1871 864
1872 521
1873 687
1874 859
1875 579
1876 265
1877 335
1878 244
1879 294
1880 608
1881 929
1882 229
1883 119
1884 709
1885 829
1886 491
1887 842
1888 941
1889 348
1890 760
1891 631
1892 823
1893 426
1894 428
1895 632
1896 764
1897 454
1898 295
1899 212
1900 541
1901 199
1902 860
1903 645
1904 311
1905 317
1906 674
1907 635
1908 569
1909 856
1910 60
1911 315
1912 710
1913 337
1914 808
1915 23
1916 574
1917 996
1918 909
1919 883
1920 911
1921 86
1922 277
1923 849
1924 793
1925 273
1926 322
1927 50
1928 54
1929 385
1930 645
1931 898
1932 632
1933 482
1934 497
1935 926
1936 637
1937 904
1938 678
1939 549
1940 430
1941 67
1942 346
1943 752
1944 93
1945 125
1946 418
1947 664
1948 260
1949 97
1950 350
1951 730
1952 947
1953 153
1954 842
1955 593
1956 393
1957 300
1958 40
1959 784
1960 252
1961 98
1962 171
1963 218
1964 19
1965 254
1966 463
1967 256
1968 656
1969 439
1970 92
1971 326
1972 443
1973 514
1974 586
1975 27
1976 754
1977 400
1978 270
1979 908
1980 349
1981 80
1982 970
1983 172
1984 973
1985 856
1986 946
1987 393
1988 708
1989 765
1990 866
1991 373
1992 912
1993 741
1994 366
1995 616
1996 730
1997 77
1998 346
1999 655
2000 459
2001 772
2002 504
2003 667
2004 109
2005 923
2006 287
2007 224
2008 631
2009 367
2010 488
2011 208
2012 75
2013 509
2014 812
2015 92
2016 962
2017 552
2018 434
2019 158
2020 687
2021 10
2022 949
2023 14
2024 168
2025 653
2026 441
2027 335
2028 880
2029 541
2030 878
2031 213
2032 90
2033 220
2034 701
2035 22
2036 417
2037 33
2038 551
2039 98
2040 178
2041 222
2042 13
2043 520
2044 123
2045 4
2046 570
2047 398
2048 389
2049 525
2050 965
2051 316
2052 596
2053 358
2054 195
2055 14
2056 407
2057 63
2058 953
2059 773
2060 587
2061 168
2062 151
2063 448
2064 786
2065 2
2066 632
2067 588
2068 256
2069 920
2070 565
2071 133
2072 142
2073 448
2074 217
2075 368
2076 408
2077 905
2078 711
2079 687
2080 474
2081 266
2082 816
2083 823
2084 151
2085 781
2086 585
2087 266
2088 897
2089 335
2090 386
2091 548
2092 781
2093 60
2094 649
2095 204
2096 261
2097 995
2098 388
2099 241
2100 849
2101 212
2102 541
2103 894
2104 432
2105 834
2106 335
2107 203
2108 976
2109 169
2110 223
2111 706
2112 29
2113 980
2114 839
2115 715
2116 398
2117 411
2118 836
2119 92
2120 475
2121 904
2122 830
2123 769
2124 50
2125 212
2126 680
2127 196
2128 745
2129 619
2130 949
2131 761
2132 294
2133 249
2134 691
2135 296
2136 603
2137 367
2138 132
2139 911
2140 181
2141 854
2142 486
2143 924
2144 19
2145 543
2146 701
2147 524
2148 443
2149 108
2150 606
2151 947
2152 640
2153 951
2154 36
2155 776
2156 272
2157 733
2158 920
2159 164
2160 650
2161 94
2162 897
2163 239
2164 837
2165 971
2166 347
2167 823
2168 203
2169 964
2170 211
2171 959
2172 44
2173 126
2174 464
2175 824
2176 855
2177 870
2178 806
2179 422
2180 299
2181 821
2182 821
2183 833
2184 420
2185 335
2186 550
2187 261
2188 25
2189 273
2190 525
2191 905
2192 170
2193 15
2194 361
2195 777
2196 552
2197 511
2198 65
2199 144
2200 316
2201 837
2202 209
2203 934
2204 833
2205 732
2206 154
2207 842
2208 109
2209 854
2210 975
2211 44
2212 578
2213 872
2214 419
2215 154
2216 476
2217 397
2218 712
2219 924
2220 211
2221 414
2222 131
2223 374
2224 399
2225 818
2226 172
2227 882
2228 155
2229 864
2230 113
2231 895
2232 499
2233 878
2234 801
2235 250
2236 759
2237 532
2238 630
2239 679
2240 834
2241 411
2242 860
2243 988
2244 460
2245 763
2246 38
2247 66
2248 490
2249 133
2250 671
2251 25
2252 280
2253 318
2254 422
2255 967
2256 13
2257 101
2258 419
2259 525
2260 420
2261 450
2262 815
2263 807
2264 155
2265 978
2266 72
2267 301
2268 964
2269 195
2270 129
2271 10
2272 313
2273 984
2274 880
2275 984
2276 236
2277 769
2278 176
2279 846
2280 396
2281 235
2282 135
2283 80
2284 836
2285 471
2286 866
2287 169
2288 302
2289 882
2290 37
2291 128
2292 821
2293 33
2294 167
2295 540
2296 584
2297 238
2298 105
2299 20
2300 18
2301 603
2302 487
2303 520
2304 294
2305 274
2306 319
2307 46
2308 239
2309 702
2310 959
2311 338
2312 774
2313 690
2314 443
2315 845
2316 37
2317 316
2318 444
2319 320
2320 248
2321 782
2322 980
2323 845
2324 203
2325 249
2326 253
2327 970
2328 542
2329 941
2330 401
2331 827
2332 958
2333 842
2334 316
2335 36
2336 597
2337 956
2338 278
2339 992
2340 865
2341 303
2342 773
2343 248
2344 658
2345 119
2346 432
2347 923
2348 117
2349 161
2350 190
2351 566
2352 990
2353 916
2354 420
2355 673
2356 154
2357 606
2358 341
2359 238
2360 234
2361 477
2362 587
2363 270
2364 835
2365 298
2366 780
2367 466
2368 907
2369 683
2370 857
2371 355
2372 702
2373 366
2374 224
2375 934
2376 950
2377 909
2378 209
2379 256
2380 73
2381 819
2382 493
2383 529
2384 876
2385 689
2386 362
2387 616
2388 158
2389 149
2390 131
2391 436
2392 167
2393 727
2394 124
2395 361
2396 447
2397 401
2398 220
2399 879
2400 587
2401 539
2402 603
2403 851
2404 218
2405 985
2406 483
2407 680
2408 989
2409 441
2410 187
2411 806
2412 357
2413 436
2414 909
2415 797
2416 911
2417 81
2418 505
2419 614
2420 810
2421 832
2422 683
2423 518
2424 89
2425 242
2426 656
2427 656
2428 396
2429 658
2430 150
2431 750
2432 921
2433 608
2434 953
2435 340
2436 960
2437 578
2438 489
2439 409
2440 900
2441 351
2442 913
2443 202
2444 485
2445 418
2446 323
2447 781
2448 890
2449 831
2450 830
2451 943
2452 515
2453 973
2454 329
2455 746
2456 845
2457 96
2458 594
2459 87
2460 519
2461 274
2462 799
2463 652
2464 842
2465 349
2466 62
2467 650
2468 93
2469 151
2470 256
2471 653
2472 766
2473 995
2474 160
2475 745
2476 956
2477 256
2478 329
2479 813
2480 585
2481 992
2482 133
2483 615
2484 429
2485 943
2486 842
2487 108
2488 142
2489 478
2490 758
2491 834
2492 884
2493 403
2494 92
2495 36
2496 728
2497 143
2498 503
2499 777
2500 21
2501 411
2502 835
2503 897
2504 799
2505 8
2506 275
2507 957
2508 495
2509 266
2510 500
2511 194
2512 856
2513 96
2514 929
2515 10
2516 644
2517 162
2518 880
2519 623
2520 112
2521 799
2522 545
2523 428
2524 839
2525 299
2526 759
2527 642
2528 233
2529 641
2530 295
2531 932
2532 884
2533 394
2534 54
2535 472
2536 691
2537 138
2538 567
2539 563
2540 842
2541 700
2542 153
2543 887
2544 460
2545 914
2546 774
2547 99
2548 732
2549 115
2550 768
2551 463
2552 615
2553 400
2554 447
2555 883
2556 299
2557 852
2558 294
2559 947
2560 401
2561 936
2562 43
2563 281
2564 493
2565 137
2566 548
2567 999
2568 142
2569 159
2570 879
2571 303
2572 161
2573 2
2574 714
2575 817
2576 304
2577 75
2578 82
2579 200
2580 304
2581 124
2582 535
2583 121
2584 504
2585 21
2586 859
2587 233
2588 845
2589 252
2590 579
2591 291
2592 995
2593 128
2594 166
2595 394
2596 493
2597 498
2598 507
2599 153
2600 741
2601 529
2602 624
2603 765
2604 464
2605 921
2606 357
2607 51
2608 640
2609 214
2610 758
2611 835
2612 397
2613 155
2614 463
2615 688
2616 518
2617 513
2618 890
2619 939
2620 817
2621 350
2622 292
2623 804
2624 306
2625 877
2626 533
2627 637
2628 256
2629 203
2630 598
2631 386
2632 907
2633 789
2634 821
2635 280
2636 2
2637 43
2638 44
2639 641
2640 889
2641 449
2642 808
2643 962
2644 871
2645 554
2646 965
2647 185
2648 29
2649 377
2650 991
2651 742
2652 403
2653 14
2654 923
2655 204
2656 269
2657 594
2658 244
2659 620
2660 762
2661 399
2662 73
2663 143
2664 837
2665 166
2666 299
2667 558
2668 396
2669 430
2670 917
2671 816
2672 566
2673 622
2674 828
2675 655
2676 986
2677 695
2678 854
2679 591
2680 754
2681 889
2682 463
2683 332
2684 190
2685 249
2686 870
2687 735
2688 357
2689 507
2690 54
2691 756
2692 751
2693 418
2694 944
2695 803
2696 918
2697 153
2698 678
2699 546
2700 770
2701 853
2702 610
2703 659
2704 899
2705 929
2706 93
2707 215
2708 881
2709 149
2710 748
2711 983
2712 976
2713 293
2714 613
2715 706
2716 8
2717 481
2718 903
2719 440
2720 448
2721 238
2722 359
2723 193
2724 914
2725 240
2726 39
2727 827
2728 202
2729 2
2730 737
2731 87
2732 104
2733 60
2734 505
2735 791
2736 677
2737 559
2738 24
2739 326
2740 641
2741 1
2742 829
2743 779
2744 203
2745 232
2746 846
2747 332
2748 819
2749 972
2750 188
2751 475
2752 745
2753 189
2754 468
2755 127
2756 768
2757 749
2758 538
2759 90
2760 125
2761 780
2762 216
2763 938
2764 777
2765 479
2766 613
2767 351
2768 542
2769 524
2770 536
2771 392
2772 23
2773 453
2774 907
2775 986
2776 95
2777 766
2778 109
2779 478
2780 667
2781 501
2782 256
2783 397
2784 788
2785 581
2786 25
2787 554
2788 101
2789 214
2790 629
2791 365
2792 155
2793 108
2794 184
2795 744
2796 18
2797 946
2798 41
2799 575
2800 44
2801 988
2802 586
2803 225
2804 540
2805 630
2806 124
2807 893
2808 305
2809 869
2810 623
2811 283
2812 30
2813 767
2814 710
2815 305
2816 182
2817 281
2818 593
2819 62
2820 565
2821 333
2822 52
2823 526
2824 41
2825 158
2826 245
2827 667
2828 967
2829 874
2830 99
2831 972
2832 90
2833 602
2834 194
2835 557
2836 799
2837 505
2838 850
2839 778
2840 700
2841 631
2842 799
2843 361
2844 695
2845 369
2846 188
2847 35
2848 866
2849 462
2850 113
2851 47
2852 27
2853 88
2854 651
2855 372
2856 762
2857 461
2858 130
2859 576
2860 292
2861 906
2862 270
2863 793
2864 437
2865 395
2866 954
2867 199
2868 10
2869 129
2870 995
2871 821
2872 908
2873 936
2874 962
2875 122
2876 329
2877 540
2878 509
2879 488
2880 348
2881 240
2882 388
2883 505
2884 181
2885 690
2886 870
2887 216
2888 603
2889 558
2890 556
2891 699
2892 181
2893 198
2894 237
2895 811
2896 528
2897 35
2898 793
2899 85
2900 458
2901 50
2902 498
2903 961
2904 22
2905 86
2906 908
2907 764
2908 353
2909 181
2910 677
2911 188
2912 833
2913 122
2914 390
2915 599
2916 965
2917 575
2918 370
2919 288
2920 630
2921 285
2922 574
2923 664
2924 237
2925 890
2926 782
2927 981
2928 15
2929 629
2930 441
2931 361
2932 563
2933 864
2934 522
2935 162
2936 789
2937 362
2938 448
2939 273
2940 202
2941 241
2942 367
2943 625
2944 659
2945 217
2946 245
2947 807
2948 375
2949 19
2950 121
2951 608
2952 129
2953 957
2954 189
2955 475
2956 49
2957 554
2958 908
2959 411
2960 926
2961 734
2962 510
2963 553
2964 777
2965 767
2966 857
2967 485
2968 21
2969 131
2970 962
2971 22
2972 418
2973 619
2974 81
2975 598
2976 936
2977 545
2978 82
2979 835
2980 257
2981 35
2982 624
2983 475
2984 848
2985 307
2986 524
2987 111
2988 253
2989 538
2990 67
2991 330
2992 514
2993 657
2994 757
2995 775
2996 192
2997 188
2998 754
2999 565
3000 970
3001 763
3002 471
3003 752
3004 491
3005 414
3006 558
3007 212
3008 540
3009 981
3010 412
3011 472
3012 773
3013 889
3014 307
3015 165
3016 605
3017 331
3018 552
3019 122
3020 381
3021 230
3022 447
3023 246
3024 918
3025 563
3026 10
3027 536
3028 163
3029 10
3030 753
3031 382
3032 681
3033 391
3034 235
3035 601
3036 410
3037 65
3038 378
3039 409
3040 305
3041 842
3042 581
3043 746
3044 865
3045 259
3046 694
3047 163
3048 606
3049 280
3050 500
3051 246
3052 852
3053 515
3054 412
3055 753
3056 878
3057 872
3058 568
3059 777
3060 167
3061 748
3062 297
3063 309
3064 365
3065 603
3066 945
3067 886
3068 667
3069 173
3070 473
3071 873
3072 421
3073 748
3074 49
3075 645
3076 622
3077 300
3078 166
3079 544
3080 518
3081 343
3082 861
3083 49
3084 992
3085 908
3086 62
3087 57
3088 191
3089 515
3090 396
3091 436
3092 912
3093 96
3094 688
3095 277
3096 994
3097 202
3098 317
3099 571
3100 34
3101 455
3102 951
3103 734
3104 291
3105 182
3106 181
3107 165
3108 875
3109 408
3110 725
3111 376
3112 905
3113 763
3114 558
3115 29
3116 299
3117 533
3118 129
3119 210
3120 156
3121 434
3122 841
3123 429
3124 217
3125 529
3126 529
3127 635
3128 972
3129 617
3130 572
3131 483
3132 434
3133 860
3134 520
3135 799
3136 432
3137 277
3138 124
3139 382
3140 467
3141 899
3142 361
3143 200
3144 668
3145 522
3146 196
3147 520
3148 98
3149 74
3150 161
3151 527
3152 601
3153 686
3154 315
3155 394
3156 784
3157 284
3158 456
3159 234
3160 320
3161 20
3162 498
3163 580
3164 769
3165 94
3166 888
3167 317
3168 431
3169 52
3170 211
3171 964
3172 449
3173 321
3174 172
3175 356
3176 58
3177 174
3178 155
3179 244
3180 920
3181 159
3182 930
3183 484
3184 418
3185 990
3186 168
3187 134
3188 799
3189 339
3190 361
3191 335
3192 993
3193 798
3194 978
3195 193
3196 833
3197 499
3198 635
3199 46
3200 868
3201 473
3202 166
3203 427
3204 730
3205 983
3206 627
3207 94
3208 479
3209 827
3210 246
3211 886
3212 787
3213 1
3214 832
3215 326
3216 676
3217 332
3218 849
3219 245
3220 843
3221 884
3222 360
3223 501
3224 308
3225 36
3226 993
3227 733
3228 246
3229 214
3230 301
3231 574
3232 667
3233 606
3234 704
3235 110
3236 986
3237 576
3238 755
3239 948
3240 568
3241 278
3242 513
3243 970
3244 517
3245 426
3246 567
3247 448
3248 130
3249 253
3250 701
3251 442
3252 744
3253 969
3254 681
3255 312
3256 203
3257 697
3258 914
3259 142
3260 14
3261 395
3262 2
3263 207
3264 224
3265 655
3266 405
3267 139
3268 213
3269 719
3270 590
3271 418
3272 223
3273 299
3274 649
3275 988
3276 883
3277 744
3278 51
3279 606
3280 960
3281 316
3282 789
3283 659
3284 857
3285 408
3286 816
3287 829
3288 20
3289 410
3290 554
3291 566
3292 315
3293 319
3294 206
3295 728
3296 728
3297 97
3298 346
3299 636
3300 598
3301 970
3302 26
3303 971
3304 106
3305 478
3306 906
3307 543
3308 496
3309 350
3310 552
3311 605
3312 778
3313 486
3314 536
3315 898
3316 820
3317 212
3318 889
3319 351
3320 594
3321 475
3322 453
3323 658
3324 114
3325 292
3326 389
3327 586
3328 678
3329 336
3330 467
3331 799
3332 498
3333 381
3334 673
3335 123
3336 677
3337 746
3338 623
3339 97
3340 538
3341 944
3342 338
3343 641
3344 341
3345 343
3346 0
3347 212
3348 611
3349 866
3350 640
3351 338
3352 738
3353 656
3354 989
3355 46
3356 239
3357 216
3358 260
3359 731
3360 175
3361 408
3362 515
3363 814
3364 213
3365 762
3366 201
3367 663
3368 218
3369 588
3370 845
3371 21
3372 515
3373 770
3374 214
3375 884
3376 884
3377 610
3378 937
3379 382
3380 90
3381 844
3382 513
3383 443
3384 575
3385 788
3386 369
3387 958
3388 854
3389 909
3390 45
3391 231
3392 942
3393 20
3394 95
3395 526
3396 331
3397 798
3398 205
3399 122
3400 55
3401 215
3402 663
3403 606
3404 272
3405 592
3406 86
3407 77
3408 924
3409 228
3410 464
3411 770
3412 719
3413 671
3414 120
3415 126
3416 261
3417 748
3418 427
3419 190
3420 291
3421 537
3422 165
3423 872
3424 63
3425 417
3426 570
3427 59
3428 760
3429 622
3430 848
3431 577
3432 879
3433 720
3434 537
3435 498
3436 677
3437 751
3438 127
3439 709
3440 511
3441 921
3442 136
3443 125
3444 357
3445 816
3446 569
3447 846
3448 24
3449 11
3450 327
3451 226
3452 753
3453 223
3454 505
3455 749
3456 974
3457 154
3458 904
3459 593
3460 143
3461 13
3462 744
3463 751
3464 143
3465 323
3466 753
3467 795
3468 94
3469 361
3470 798
3471 106
3472 179
3473 12
3474 230
3475 667
3476 231
3477 530
3478 593
3479 839
3480 125
3481 38
3482 66
3483 182
3484 717
3485 708
3486 587
3487 575
3488 55
3489 884
3490 7
3491 228
3492 149
3493 46
3494 544
3495 208
3496 562
3497 411
3498 904
3499 510
3500 406
3501 188
3502 573
3503 207
3504 875
3505 906
3506 86
3507 767
3508 986
3509 769
3510 58
3511 469
3512 430
3513 193
3514 512
3515 126
3516 35
3517 770
3518 720
3519 108
3520 71
3521 699
3522 584
3523 520
3524 902
3525 551
3526 716
3527 385
3528 516
3529 734
3530 949
3531 639
3532 714
3533 603
3534 185
3535 897
3536 588
3537 999
3538 931
3539 215
3540 970
3541 465
3542 929
3543 461
3544 138
3545 488
3546 380
3547 109
3548 622
3549 119
3550 29
3551 128
3552 617
3553 3
3554 874
3555 640
3556 637
3557 196
3558 143
3559 413
3560 377
3561 973
3562 914
3563 474
3564 526
3565 34
3566 975
3567 571
3568 904
3569 550
3570 786
3571 662
3572 882
3573 286
3574 202
3575 411
3576 474
3577 214
3578 506
3579 817
3580 372
3581 861
3582 636
3583 926
3584 586
3585 959
3586 935
3587 970
3588 280
3589 959
3590 911
3591 785
3592 733
3593 719
3594 3
3595 699
3596 438
3597 446
3598 233
3599 178
3600 77
3601 44
3602 902
3603 471
3604 495
3605 525
3606 642
3607 474
3608 772
3609 751
3610 519
3611 908
3612 943
3613 386
3614 627
3615 306
3616 652
3617 508
3618 395
3619 960
3620 281
3621 126
3622 503
3623 512
3624 373
3625 334
3626 717
3627 558
3628 550
3629 137
3630 181
3631 625
3632 967
3633 973
3634 99
3635 400
3636 846
3637 992
3638 251
3639 334
3640 171
3641 209
3642 695
3643 883
3644 724
3645 417
3646 436
3647 849
3648 597
3649 325
3650 835
3651 320
3652 157
3653 307
3654 891
3655 478
3656 740
3657 815
3658 419
3659 919
3660 313
3661 913
3662 173
3663 308
3664 376
3665 532
3666 526
3667 211
3668 384
3669 693
3670 139
3671 107
3672 523
3673 942
3674 453
3675 331
3676 318
3677 998
3678 797
3679 982
3680 112
3681 407
3682 322
3683 988
3684 528
3685 44
3686 983
3687 176
3688 687
3689 437
3690 162
3691 705
3692 932
3693 232
3694 191
3695 120
3696 142
3697 206
3698 371
3699 589
3700 308
3701 391
3702 708
3703 358
3704 97
3705 555
3706 558
3707 878
3708 203
3709 542
3710 112
3711 261
3712 514
3713 526
3714 53
3715 673
3716 374
3717 380
3718 423
3719 985
3720 641
3721 853
3722 718
3723 226
3724 83
3725 956
3726 669
3727 928
3728 36
3729 318
3730 181
3731 875
3732 957
3733 66
3734 59
3735 571
3736 775
3737 835
3738 549
3739 769
3740 781
3741 395
3742 907
3743 867
3744 870
3745 565
3746 32
3747 420
3748 442
3749 423
3750 639
3751 62
3752 478
3753 35
3754 458
3755 220
3756 890
3757 312
3758 149
3759 129
3760 295
3761 362
3762 9
3763 263
3764 222
3765 914
3766 661
3767 621
3768 356
3769 115
3770 119
3771 720
3772 681
3773 939
3774 480
3775 252
3776 808
3777 657
3778 854
3779 607
3780 113
3781 474
3782 299
3783 434
3784 514
3785 146
3786 202
3787 805
3788 220
3789 401
3790 322
3791 558
3792 257
3793 995
3794 458
3795 662
3796 788
3797 884
3798 116
3799 296
3800 985
3801 511
3802 183
3803 230
3804 155
3805 145
3806 101
3807 354
3808 852
3809 198
3810 939
3811 462
3812 767
3813 487
3814 255
3815 225
3816 497
3817 23
3818 803
3819 727
3820 182
3821 145
3822 951
3823 755
3824 112
3825 880
3826 333
3827 68
3828 323
3829 402
3830 726
3831 41
3832 516
3833 402
3834 546
3835 473
3836 535
3837 16
3838 109
3839 27
3840 847
3841 552
3842 165
3843 415
3844 16
3845 108
3846 359
3847 792
3848 664
3849 990
3850 753
3851 631
3852 52
3853 93
3854 82
3855 773
3856 32
3857 363
3858 822
3859 4
3860 262
3861 642
3862 382
3863 579
3864 776
3865 385
3866 148
3867 396
3868 680
3869 791
3870 91
3871 323
3872 36
3873 42
3874 885
3875 365
3876 87
3877 91
3878 359
3879 226
3880 202
3881 818
3882 583
3883 577
3884 994
3885 706
3886 118
3887 167
3888 947
3889 225
3890 872
3891 316
3892 491
3893 31
3894 255
3895 58
3896 569
3897 704
3898 423
3899 162
3900 483
3901 719
3902 29
3903 525
3904 455
3905 928
3906 121
3907 628
3908 609
3909 242
3910 19
3911 772
3912 76
3913 728
3914 474
3915 217
3916 916
3917 971
3918 766
3919 870
3920 903
3921 758
3922 527
3923 543
3924 852
3925 245
3926 119
3927 947
3928 595
3929 618
3930 82
3931 881
3932 716
3933 261
3934 862
3935 917
3936 108
3937 24
3938 373
3939 967
3940 658
3941 36
3942 671
3943 665
3944 904
3945 644
3946 469
3947 931
3948 357
3949 692
3950 168
3951 373
3952 31
3953 605
3954 440
3955 184
3956 782
3957 800
3958 161
3959 873
3960 987
3961 308
3962 695
3963 779
3964 695
3965 862
3966 82
3967 240
3968 920
3969 996
3970 708
3971 780
3972 374
3973 518
3974 231
3975 886
3976 20
3977 673
3978 549
3979 915
3980 218
3981 793
3982 55
3983 385
3984 880
3985 403
3986 934
3987 661
3988 900
3989 180
3990 544
3991 33
3992 580
3993 433
3994 114
3995 245
3996 416
3997 189
3998 933
3999 473
4000 878
4001 552
4002 723
4003 645
4004 97
4005 826
4006 112
4007 574
4008 300
4009 900
4010 197
4011 341
4012 95
4013 366
4014 615
4015 372
4016 956
4017 899
4018 374
4019 696
4020 780
4021 750
4022 594
4023 950
4024 395
4025 863
4026 0
4027 276
4028 618
4029 493
4030 746
4031 661
4032 27
4033 370
4034 773
4035 751
4036 406
4037 998
4038 188
4039 469
4040 746
4041 105
4042 530
4043 892
4044 8
4045 736
4046 292
4047 413
4048 961
4049 562
4050 660
4051 750
4052 728
4053 16
4054 482
4055 173
4056 794
4057 944
4058 413
4059 602
4060 434
4061 197
4062 239
4063 119
4064 521
4065 308
4066 487
4067 742
4068 626
4069 748
4070 312
4071 312
4072 444
4073 331
4074 735
4075 654
4076 720
4077 138
4078 978
4079 925
4080 251
4081 92
4082 267
4083 747
4084 693
4085 272
4086 244
4087 248
4088 615
4089 832
4090 684
4091 636
4092 796
4093 646
4094 127
4095 331
4096 886
4097 906
4098 844
4099 15
4100 769
4101 530
4102 640
4103 914
4104 557
4105 607
4106 257
4107 909
4108 805
4109 191
4110 85
4111 66
4112 44
4113 773
4114 416
4115 515
4116 239
4117 641
4118 299
4119 638
4120 269
4121 589
4122 946
4123 390
4124 484
4125 637
4126 222
4127 878
4128 869
4129 169
4130 481
4131 396
4132 55
4133 219
4134 449
4135 191
4136 457
4137 696
4138 587
4139 183
4140 721
4141 101
4142 193
4143 768
4144 682
4145 136
4146 782
4147 506
4148 178
4149 447
4150 189
4151 440
4152 817
4153 864
4154 474
4155 155
4156 877
4157 519
4158 440
4159 699
4160 203
4161 93
4162 970
4163 201
4164 816
4165 723
4166 949
4167 220
4168 381
4169 595
4170 618
4171 118
4172 513
4173 591
4174 746
4175 970
4176 160
4177 113
4178 633
4179 4
4180 145
4181 286
4182 981
4183 765
4184 662
4185 600
4186 264
4187 809
4188 572
4189 406
4190 529
4191 447
4192 18
4193 426
4194 322
4195 620
4196 791
4197 631
4198 282
4199 604
4200 84
4201 580
4202 842
4203 23
4204 760
4205 330
4206 156
4207 204
4208 770
4209 206
4210 919
4211 725
4212 313
4213 883
4214 727
4215 966
4216 272
4217 535
4218 258
4219 635
4220 717
4221 872
4222 581
4223 117
4224 872
4225 59
4226 765
4227 472
4228 177
4229 721
4230 818
4231 756
4232 970
4233 887
4234 462
4235 70
4236 612
4237 680
4238 419
4239 779
4240 261
4241 617
4242 777
4243 552
4244 806
4245 240
4246 703
4247 473
4248 171
4249 858
4250 793
4251 772
4252 28
4253 560
4254 688
4255 473
4256 905
4257 117
4258 40
4259 185
4260 642
4261 871
4262 163
4263 359
4264 812
4265 943
4266 298
4267 399
4268 199
4269 591
4270 547
4271 202
4272 212
4273 335
4274 598
4275 259
4276 604
4277 875
4278 49
4279 185
4280 492
4281 837
4282 532
4283 778
4284 693
4285 218
4286 551
4287 752
4288 775
4289 732
4290 375
4291 610
4292 797
4293 412
4294 463
4295 226
4296 292
4297 937
4298 363
4299 286
4300 246
4301 865
4302 584
4303 613
4304 931
4305 67
4306 847
4307 880
4308 335
4309 47
4310 673
4311 755
4312 22
4313 827
4314 381
4315 455
4316 619
4317 250
4318 876
4319 805
4320 32
4321 939
4322 685
4323 409
4324 712
4325 348
4326 956
4327 40
4328 904
4329 584
4330 933
4331 159
4332 821
4333 516
4334 310
4335 753
4336 159
4337 602
4338 155
4339 853
4340 778
4341 424
4342 187
4343 146
4344 53
4345 801
4346 760
4347 616
4348 795
4349 797
4350 676
4351 173
4352 551
4353 783
4354 638
4355 864
4356 157
4357 675
4358 284
4359 605
4360 964
4361 290
4362 771
4363 733
4364 55
4365 963
4366 121
4367 698
4368 346
4369 120
4370 868
4371 916
4372 794
4373 746
4374 531
4375 75
4376 261
4377 290
4378 762
4379 241
4380 641
4381 222
4382 411
4383 947
4384 817
4385 595
4386 759
4387 212
4388 673
4389 389
4390 405
4391 518
4392 810
4393 688
4394 257
4395 294
4396 529
4397 442
4398 654
4399 906
4400 282
4401 832
4402 398
4403 482
4404 259
4405 218
4406 629
4407 321
4408 259
4409 107
4410 646
4411 86
4412 769
4413 944
4414 269
4415 675
4416 512
4417 261
4418 284
4419 513
4420 536
4421 118
4422 449
4423 46
4424 56
4425 49
4426 893
4427 333
4428 919
4429 78
4430 879
4431 968
4432 515
4433 447
4434 806
4435 715
4436 185
4437 546
4438 309
4439 384
4440 714
4441 760
4442 289
4443 579
4444 326
4445 865
4446 759
4447 482
4448 954
4449 230
4450 464
4451 91
4452 485
4453 387
4454 638
4455 434
4456 905
4457 407
4458 16
4459 261
4460 549
4461 457
4462 889
4463 541
4464 415
4465 665
4466 223
4467 19
4468 847
4469 824
4470 328
4471 549
4472 494
4473 181
4474 263
4475 868
4476 269
4477 836
4478 731
4479 99
4480 299
4481 301
4482 272
4483 646
4484 950
4485 799
4486 799
4487 877
4488 114
4489 447
4490 72
4491 203
4492 319
4493 169
4494 617
4495 591
4496 60
4497 977
4498 350
4499 406
4500 930
4501 591
4502 416
4503 699
4504 844
4505 445
4506 571
4507 509
4508 698
4509 838
4510 902
4511 707
4512 829
4513 660
4514 847
4515 46
4516 493
4517 262
4518 119
4519 939
4520 782
4521 172
4522 553
4523 675
4524 888
4525 305
4526 425
4527 577
4528 141
4529 76
4530 255
4531 104
4532 958
4533 499
4534 842
4535 543
4536 7
4537 28
4538 905
4539 546
4540 233
4541 737
4542 325
4543 333
4544 966
4545 992
4546 402
4547 143
4548 295
4549 76
4550 844
4551 329
4552 81
4553 83
4554 559
4555 642
4556 366
4557 53
4558 806
4559 288
4560 935
4561 398
4562 245
4563 397
4564 223
4565 104
4566 474
4567 532
4568 51
4569 776
4570 22
4571 46
4572 454
4573 106
4574 58
4575 821
4576 409
4577 980
4578 868
4579 325
4580 671
4581 5
4582 513
4583 946
4584 871
4585 920
4586 500
4587 458
4588 827
4589 721
4590 77
4591 279
4592 77
4593 626
4594 933
4595 169
4596 888
4597 258
4598 229
4599 654
4600 140
4601 163
4602 638
4603 567
4604 564
4605 270
4606 163
4607 544
4608 762
4609 206
4610 594
4611 275
4612 811
4613 973
4614 258
4615 179
4616 140
4617 783
4618 183
4619 248
4620 931
4621 201
4622 992
4623 491
4624 675
4625 389
4626 538
4627 975
4628 335
4629 981
4630 613
4631 698
4632 599
4633 146
4634 684
4635 183
4636 696
4637 576
4638 226
4639 146
4640 830
4641 567
4642 136
4643 527
4644 253
4645 801
4646 163
4647 47
4648 445
4649 763
4650 562
4651 703
4652 204
4653 810
4654 421
4655 287
4656 765
4657 211
4658 920
4659 300
4660 526
4661 46
4662 599
4663 963
4664 535
4665 616
4666 732
4667 283
4668 270
4669 84
4670 749
4671 621
4672 392
4673 398
4674 264
4675 923
4676 346
4677 396
4678 48
4679 482
4680 469
4681 248
4682 473
4683 429
4684 392
4685 566
4686 414
4687 727
4688 400
4689 951
4690 853
4691 509
4692 898
4693 816
4694 648
4695 278
4696 88
4697 666
4698 948
4699 95
4700 994
4701 366
4702 894
4703 135
4704 412
4705 861
4706 441
4707 580
4708 390
4709 745
4710 188
4711 345
4712 881
4713 92
4714 321
4715 5
4716 268
4717 851
4718 97
4719 96
4720 542
4721 966
4722 426
4723 388
4724 679
4725 151
4726 298
4727 166
4728 999
4729 572
4730 685
4731 680
4732 32
4733 3
4734 139
4735 524
4736 23
4737 449
4738 429
4739 647
4740 348
4741 718
4742 757
4743 743
4744 660
4745 449
4746 453
4747 946
4748 804
4749 556
4750 952
4751 661
4752 782
4753 995
4754 53
4755 518
4756 392
4757 255
4758 491
4759 135
4760 911
4761 841
4762 142
4763 672
4764 291
4765 317
4766 246
4767 719
4768 180
4769 597
4770 616
4771 558
4772 10
4773 254
4774 438
4775 737
4776 426
4777 484
4778 314
4779 738
4780 604
4781 853
4782 985
4783 211
4784 313
4785 12
4786 490
4787 47
4788 426
4789 492
4790 173
4791 838
4792 772
4793 374
4794 424
4795 236
4796 808
4797 570
4798 13
4799 492
4800 615
4801 398
4802 15
4803 318
4804 10
4805 830
4806 579
4807 586
4808 887
4809 744
4810 580
4811 295
4812 359
4813 570
4814 167
4815 653
4816 629
4817 315
4818 749
4819 587
4820 785
4821 258
4822 102
4823 222
4824 138
4825 631
4826 490
4827 191
4828 379
4829 332
4830 42
4831 840
4832 940
4833 8
4834 246
4835 643
4836 657
4837 144
4838 56
4839 30
4840 583
4841 162
4842 310
4843 670
4844 803
4845 775
4846 869
4847 503
4848 181
4849 828
4850 664
4851 758
4852 625
4853 694
4854 280
4855 148
4856 870
4857 983
4858 910
4859 295
4860 935
4861 617
4862 715
4863 38
4864 160
4865 166
4866 328
4867 536
4868 971
4869 194
4870 378
4871 986
4872 159
4873 502
4874 13
4875 132
4876 34
4877 969
4878 769
4879 918
4880 565
4881 644
4882 722
4883 724
4884 254
4885 931
4886 185
4887 459
4888 619
4889 355
4890 576
4891 327
4892 42
4893 765
4894 467
4895 267
4896 981
4897 285
4898 106
4899 603
4900 763
4901 271
4902 611
4903 49
4904 818
4905 895
4906 444
4907 75
4908 104
4909 779
4910 254
4911 189
4912 754
4913 119
4914 589
4915 857
4916 915
4917 828
4918 387
4919 943
4920 933
4921 991
4922 813
4923 642
4924 558
4925 394
4926 94
4927 569
4928 834
4929 297
4930 591
4931 623
4932 46
4933 475
4934 328
4935 120
4936 717
4937 994
4938 79
4939 72
4940 275
4941 729
4942 543
4943 321
4944 606
4945 457
4946 965
4947 96
4948 757
4949 951
4950 852
4951 213
4952 929
4953 46
4954 16
4955 406
4956 352
4957 637
4958 71
4959 311
4960 736
4961 605
4962 940
4963 399
4964 424
4965 434
4966 189
4967 762
4968 2
4969 227
4970 732
4971 47
4972 61
4973 807
4974 850
4975 717
4976 248
4977 717
4978 495
4979 199
4980 568
4981 144
4982 447
4983 289
4984 42
4985 69
4986 646
4987 989
4988 548
4989 195
4990 308
4991 151
4992 413
4993 966
4994 940
4995 857
4996 461
4997 664
4998 654
4999 179
5000 103
5001 189
5002 780
5003 291
5004 476
5005 881
5006 882
5007 302
5008 257
5009 144
5010 638
5011 864
5012 472
5013 881
5014 903
5015 117
5016 996
5017 360
5018 803
5019 532
5020 341
5021 151
5022 448
5023 869
5024 540
5025 64
5026 428
5027 479
5028 793
5029 193
5030 351
5031 80
5032 0
5033 141
5034 790
5035 202
5036 945
5037 307
5038 811
5039 158
5040 319
5041 917
5042 847
5043 976
5044 264
5045 279
5046 274
5047 431
5048 739
5049 106
5050 506
5051 839
5052 113
5053 372
5054 663
5055 117
5056 249
5057 254
5058 735
5059 758
5060 695
5061 234
5062 853
5063 285
5064 335
5065 878
5066 611
5067 559
5068 131
5069 697
5070 993
5071 548
5072 205
5073 337
5074 518
5075 740
5076 542
5077 767
5078 963
5079 963
5080 524
5081 160
5082 855
5083 27
5084 122
5085 24
5086 53
5087 260
5088 881
5089 525
5090 898
5091 99
5092 972
5093 950
5094 346
5095 812
5096 346
5097 526
5098 706
5099 877
5100 477
5101 752
5102 448
5103 681
5104 47
5105 968
5106 486
5107 558
5108 764
5109 932
5110 254
5111 164
5112 970
5113 478
5114 839
5115 802
5116 485
5117 903
5118 830
5119 550
5120 455
5121 865
5122 488
5123 744
5124 836
5125 496
5126 659
5127 179
5128 852
5129 183
5130 653
5131 954
5132 842
5133 547
5134 852
5135 43
5136 705
5137 678
5138 596
5139 347
5140 39
5141 978
5142 879
5143 990
5144 497
5145 959
5146 134
5147 312
5148 269
5149 291
5150 702
5151 37
5152 279
5153 437
5154 246
5155 554
5156 995
5157 582
5158 941
5159 118
5160 897
5161 13
5162 640
5163 888
5164 927
5165 126
5166 585
5167 62
5168 128
5169 822
5170 627
5171 183
5172 562
5173 189
5174 729
5175 262
5176 981
5177 656
5178 255
5179 163
5180 168
5181 50
5182 801
5183 416
5184 813
5185 630
5186 239
5187 877
5188 661
5189 172
5190 634
5191 616
5192 566
5193 317
5194 272
5195 428
5196 296
5197 717
5198 235
5199 325
5200 991
5201 493
5202 536
5203 254
5204 891
5205 929
5206 794
5207 15
5208 779
5209 268
5210 775
5211 294
5212 640
5213 702
5214 163
5215 408
5216 654
5217 504
5218 992
5219 676
5220 893
5221 300
5222 167
5223 453
5224 38
5225 267
5226 928
5227 314
5228 912
5229 676
5230 510
5231 36
5232 795
5233 446
5234 646
5235 219
5236 628
5237 75
5238 293
5239 21
5240 734
5241 713
5242 817
5243 493
5244 690
5245 869
5246 344
5247 923
5248 141
5249 110
5250 605
5251 757
5252 864
5253 627
5254 769
5255 282
5256 525
5257 163
5258 629
5259 295
5260 389
5261 336
5262 958
5263 592
5264 238
5265 798
5266 561
5267 156
5268 370
5269 501
5270 614
5271 245
5272 387
5273 624
5274 914
5275 715
5276 466
5277 50
5278 588
5279 517
5280 198
5281 621
5282 25
5283 539
5284 682
5285 214
5286 570
5287 498
5288 152
5289 296
5290 99
5291 29
5292 561
5293 115
5294 151
5295 228
5296 238
5297 809
5298 143
5299 36
5300 344
5301 949
5302 57
5303 171
5304 332
5305 400
5306 381
5307 685
5308 27
5309 49
5310 483
5311 728
5312 558
5313 512
5314 552
5315 393
5316 206
5317 624
5318 432
5319 658
5320 249
5321 855
5322 501
5323 16
5324 497
5325 75
5326 565
5327 492
5328 94
5329 210
5330 386
5331 790
5332 788
5333 830
5334 954
5335 121
5336 967
5337 3
5338 759
5339 304
5340 699
5341 102
5342 577
5343 747
5344 400
5345 725
5346 719
5347 69
5348 130
5349 661
5350 533
5351 221
5352 62
5353 267
5354 855
5355 710
5356 1
5357 603
5358 388
5359 85
5360 539
5361 310
5362 606
5363 136
5364 16
5365 932
5366 597
5367 990
5368 903
5369 422
5370 67
5371 686
5372 884
5373 534
5374 722
5375 575
5376 136
5377 173
5378 50
5379 969
5380 920
5381 321
5382 559
5383 7
5384 163
5385 642
5386 479
5387 522
5388 956
5389 543
5390 856
5391 523
5392 528
5393 9
5394 160
5395 644
5396 457
5397 955
5398 134
5399 67
5400 897
5401 428
5402 590
5403 364
5404 931
5405 44
5406 379
5407 770
5408 498
5409 663
5410 620
5411 986
5412 157
5413 192
5414 296
5415 333
5416 274
5417 645
5418 918
5419 495
5420 295
5421 235
5422 630
5423 984
5424 673
5425 646
5426 947
5427 855
5428 339
5429 239
5430 274
5431 286
5432 208
5433 803
5434 11
5435 62
5436 587
5437 891
5438 350
5439 624
5440 643
5441 949
5442 722
5443 540
5444 437
5445 255
5446 774
5447 930
5448 105
5449 187
5450 802
5451 467
5452 567
5453 163
5454 400
5455 467
5456 122
5457 226
5458 396
5459 581
5460 674
5461 85
5462 603
5463 154
5464 584
5465 860
5466 839
5467 392
5468 914
5469 585
5470 832
5471 972
5472 38
5473 108
5474 975
5475 595
5476 723
5477 536
5478 460
5479 530
5480 939
5481 182
5482 479
5483 464
5484 645
5485 980
5486 131
5487 173
5488 968
5489 361
5490 343
5491 26
5492 377
5493 263
5494 534
5495 452
5496 397
5497 574
5498 718
5499 958
5500 546
5501 409
5502 541
5503 154
5504 719
5505 224
5506 136
5507 867
5508 565
5509 169
5510 53
5511 714
5512 645
5513 659
5514 32
5515 428
5516 304
5517 448
5518 827
5519 324
5520 454
5521 942
5522 687
5523 786
5524 94
5525 67
5526 399
5527 327
5528 740
5529 923
5530 139
5531 548
5532 8
5533 344
5534 746
5535 486
5536 91
5537 196
5538 0
5539 488
5540 813
5541 653
5542 935
5543 126
5544 274
5545 173
5546 922
5547 225
5548 611
5549 101
5550 397
5551 627
5552 528
5553 534
5554 0
5555 89
5556 859
5557 196
5558 762
5559 504
5560 391
5561 24
5562 42
5563 733
5564 320
5565 344
5566 489
5567 590
5568 37
5569 181
5570 116
5571 806
5572 744
5573 464
5574 21
5575 361
5576 950
5577 153
5578 168
5579 932
5580 833
5581 294
5582 931
5583 391
5584 618
5585 845
5586 95
5587 267
5588 244
5589 238
5590 404
5591 538
5592 861
5593 432
5594 112
5595 391
5596 117
5597 606
5598 16
5599 339
5600 633
5601 782
5602 183
5603 865
5604 441
5605 870
5606 459
5607 55
5608 589
5609 35
5610 399
5611 465
5612 191
5613 975
5614 787
5615 299
5616 921
5617 566
5618 8
5619 931
5620 327
5621 286
5622 463
5623 369
5624 759
5625 448
5626 609
5627 445
5628 605
5629 783
5630 681
5631 563
5632 707
5633 172
5634 262
5635 148
5636 342
5637 204
5638 733
5639 868
5640 795
5641 606
5642 443
5643 532
5644 152
5645 429
5646 79
5647 252
5648 968
5649 646
5650 350
5651 919
5652 22
5653 254
5654 88
5655 850
5656 323
5657 780
5658 600
5659 826
5660 74
5661 294
5662 121
5663 9
5664 704
5665 147
5666 372
5667 765
5668 169
5669 172
5670 774
5671 445
5672 405
5673 328
5674 782
5675 417
5676 762
5677 282
5678 629
5679 501
5680 483
5681 281
5682 797
5683 289
5684 22
5685 172
5686 172
5687 104
5688 84
5689 391
5690 378
5691 363
5692 721
5693 831
5694 501
5695 114
5696 619
5697 926
5698 494
5699 190
5700 791
5701 92
5702 908
5703 86
5704 502
5705 858
5706 911
5707 308
5708 695
5709 940
5710 431
5711 330
5712 631
5713 874
5714 171
5715 502
5716 83
5717 523
5718 773
5719 104
5720 38
5721 695
5722 274
5723 68
5724 46
5725 310
5726 127
5727 745
5728 552
5729 426
5730 16
5731 509
5732 876
5733 103
5734 26
5735 42
5736 139
5737 859
5738 656
5739 936
5740 980
5741 349
5742 707
5743 88
5744 367
5745 942
5746 353
5747 947
5748 449
5749 430
5750 280
5751 597
5752 910
5753 461
5754 125
5755 225
5756 828
5757 832
5758 37
5759 986
5760 259
5761 91
5762 636
5763 508
5764 59
5765 305
5766 132
5767 117
5768 711
5769 517
5770 773
5771 875
5772 277
5773 251
5774 291
5775 762
5776 311
5777 465
5778 934
5779 586
5780 867
5781 619
5782 314
5783 787
5784 318
5785 560
5786 94
5787 415
5788 984
5789 863
5790 650
5791 954
5792 561
5793 141
5794 961
5795 160
5796 210
5797 582
5798 414
5799 947
5800 798
5801 180
5802 147
5803 87
5804 358
5805 465
5806 253
5807 909
5808 75
5809 534
5810 851
5811 16
5812 319
5813 382
5814 365
5815 423
5816 581
5817 42
5818 594
5819 983
5820 591
5821 841
5822 449
5823 949
5824 693
5825 915
5826 193
5827 589
5828 907
5829 586
5830 556
5831 289
5832 308
5833 662
5834 790
5835 194
5836 778
5837 660
5838 147
5839 124
5840 928
5841 266
5842 711
5843 697
5844 407
5845 321
5846 183
5847 229
5848 468
5849 887
5850 44
5851 976
5852 26
5853 400
5854 680
5855 693
5856 684
5857 801
5858 929
5859 87
5860 427
5861 929
5862 706
5863 931
5864 493
5865 869
5866 801
5867 990
5868 583
5869 102
5870 499
5871 515
5872 449
5873 192
5874 451
5875 721
5876 871
5877 402
5878 482
5879 559
5880 417
5881 749
5882 209
5883 525
5884 160
5885 322
5886 362
5887 913
5888 448
5889 261
5890 404
5891 490
5892 885
5893 960
5894 36
5895 204
5896 214
5897 237
5898 424
5899 216
5900 383
5901 596
5902 32
5903 423
5904 114
5905 621
5906 630
5907 36
5908 581
5909 67
5910 572
5911 939
5912 119
5913 814
5914 708
5915 682
5916 3
5917 403
5918 82
5919 530
5920 783
5921 969
5922 782
5923 545
5924 71
5925 914
5926 774
5927 640
5928 258
5929 252
5930 769
5931 396
5932 863
5933 755
5934 606
5935 787
5936 856
5937 421
5938 410
5939 37
5940 475
5941 18
5942 80
5943 821
5944 26
5945 150
5946 882
5947 898
5948 777
5949 389
5950 54
5951 430
5952 316
5953 465
5954 196
5955 642
5956 67
5957 651
5958 660
5959 764
5960 894
5961 116
5962 733
5963 222
5964 266
5965 694
5966 608
5967 60
5968 510
5969 940
5970 275
5971 210
5972 399
5973 114
5974 409
5975 688
5976 590
5977 747
5978 591
5979 539
5980 20
5981 493
5982 241
5983 264
5984 948
5985 979
5986 882
5987 528
5988 342
5989 951
5990 635
5991 731
5992 844
5993 753
5994 674
5995 306
5996 533
5997 585
5998 628
5999 821
6000 112
6001 589
6002 638
6003 357
6004 123
6005 287
6006 709
6007 160
6008 8
6009 807
6010 958
6011 207
6012 816
6013 80
6014 271
6015 693
6016 770
6017 289
6018 771
6019 982
6020 628
6021 618
6022 597
6023 697
6024 18
6025 73
6026 796
6027 180
6028 13
6029 112
6030 245
6031 939
6032 786
6033 805
6034 871
6035 716
6036 427
6037 766
6038 287
6039 666
6040 755
6041 446
6042 811
6043 699
6044 547
6045 57
6046 83
6047 560
6048 658
6049 879
6050 124
6051 57
6052 137
6053 273
6054 399
6055 907
6056 548
6057 502
6058 574
6059 312
6060 172
6061 487
6062 975
6063 376
6064 553
6065 727
6066 993
6067 361
6068 261
6069 713
6070 818
6071 409
6072 684
6073 165
6074 307
6075 67
6076 567
6077 667
6078 347
6079 798
6080 992
6081 427
6082 616
6083 934
6084 992
6085 6
6086 557
6087 228
6088 340
6089 732
6090 317
6091 17
6092 238
6093 131
6094 926
6095 603
6096 472
6097 720
6098 968
6099 849
6100 899
6101 702
6102 244
6103 385
6104 333
6105 440
6106 954
6107 307
6108 361
6109 524
6110 498
6111 490
6112 217
6113 927
6114 468
6115 271
6116 758
6117 895
6118 196
6119 929
6120 592
6121 200
6122 941
6123 93
6124 377
6125 559
6126 958
6127 237
6128 667
6129 852
6130 769
6131 801
6132 706
6133 912
6134 344
6135 215
6136 732
6137 667
6138 283
6139 271
6140 213
6141 280
6142 492
6143 624
6144 360
6145 751
6146 732
6147 713
6148 239
6149 151
6150 118
6151 605
6152 643
6153 310
6154 232
6155 398
6156 71
6157 62
6158 259
6159 820
6160 503
6161 47
6162 696
6163 419
6164 670
6165 91
6166 522
6167 670
6168 116
6169 169
6170 938
6171 35
6172 223
6173 817
6174 885
6175 45
6176 153
6177 105
6178 914
6179 592
6180 671
6181 778
6182 0
6183 477
6184 129
6185 858
6186 501
6187 642
6188 61
6189 934
6190 961
6191 540
6192 46
6193 828
6194 56
6195 195
6196 411
6197 891
6198 862
6199 611
6200 746
6201 983
6202 44
6203 363
6204 322
6205 861
6206 681
6207 572
6208 352
6209 999
6210 413
6211 136
6212 129
6213 500
6214 711
6215 356
6216 791
6217 383
6218 894
6219 579
6220 359
6221 610
6222 396
6223 600
6224 518
6225 272
6226 270
6227 367
6228 148
6229 444
6230 632
6231 25
6232 441
6233 745
6234 285
6235 403
6236 340
6237 806
6238 452
6239 914
6240 770
6241 741
6242 39
6243 173
6244 387
6245 209
6246 621
6247 926
6248 448
6249 834
6250 751
6251 526
6252 57
6253 247
6254 520
6255 252
6256 195
6257 382
6258 461
6259 90
6260 494
6261 946
6262 819
6263 717
6264 285
6265 834
6266 392
6267 590
6268 415
6269 674
6270 170
6271 266
6272 506
6273 776
6274 948
6275 394
6276 687
6277 854
6278 767
6279 992
6280 336
6281 511
6282 389
6283 7
6284 270
6285 199
6286 33
6287 301
6288 535
6289 11
6290 530
6291 424
6292 21
6293 498
6294 173
6295 210
6296 698
6297 863
6298 218
6299 546
6300 167
6301 932
6302 831
6303 648
6304 428
6305 500
6306 609
6307 5
6308 506
6309 85
6310 114
6311 445
6312 444
6313 449
6314 564
6315 938
6316 875
6317 768
6318 371
6319 382
6320 64
6321 627
6322 232
6323 332
6324 133
6325 471
6326 809
6327 892
6328 605
6329 643
6330 158
6331 305
6332 570
6333 496
6334 567
6335 817
6336 557
6337 429
6338 930
6339 96
6340 343
6341 108
6342 128
6343 89
6344 614
6345 773
6346 663
6347 891
6348 972
6349 28
6350 98
6351 715
6352 530
6353 273
6354 164
6355 548
6356 769
6357 188
6358 731
6359 376
6360 225
6361 683
6362 809
6363 657
6364 698
6365 138
6366 15
6367 24
6368 216
6369 230
6370 834
6371 889
6372 260
6373 230
6374 591
6375 593
6376 708
6377 150
6378 578
6379 542
6380 197
6381 801
6382 354
6383 633
6384 871
6385 250
6386 513
6387 98
6388 119
6389 967
6390 920
6391 505
6392 650
6393 459
6394 623
6395 572
6396 468
6397 535
6398 817
6399 354
6400 865
6401 572
6402 125
6403 514
6404 755
6405 615
6406 474
6407 409
6408 474
6409 977
6410 658
6411 790
6412 465
6413 410
6414 167
6415 116
6416 117
6417 170
6418 68
6419 347
6420 865
6421 820
6422 626
6423 467
6424 636
6425 975
6426 146
6427 927
6428 788
6429 666
6430 386
6431 498
6432 404
6433 75
6434 561
6435 608
6436 137
6437 91
6438 404
6439 243
6440 122
6441 242
6442 987
6443 585
6444 158
6445 707
6446 878
6447 326
6448 215
6449 676
6450 344
6451 700
6452 332
6453 685
6454 590
6455 19
6456 604
6457 506
6458 673
6459 262
6460 286
6461 206
6462 742
6463 812
6464 974
6465 134
6466 615
6467 744
6468 714
6469 103
6470 851
6471 262
6472 378
6473 21
6474 856
6475 953
6476 734
6477 353
6478 497
6479 398
6480 721
6481 709
6482 858
6483 111
6484 811
6485 512
6486 168
6487 941
6488 189
6489 761
6490 358
6491 109
6492 269
6493 513
6494 74
6495 517
6496 2
6497 498
6498 701
6499 132
6500 657
6501 237
6502 185
6503 651
6504 765
6505 989
6506 46
6507 684
6508 550
6509 358
6510 757
6511 45
6512 424
6513 673
6514 982
6515 81
6516 660
6517 863
6518 28
6519 883
6520 891
6521 687
6522 453
6523 136
6524 447
6525 470
6526 912
6527 880
6528 972
6529 10
6530 135
6531 889
6532 83
6533 915
6534 580
6535 104
6536 480
6537 159
6538 0
6539 380
6540 49
6541 480
6542 446
6543 713
6544 191
6545 739
6546 943
6547 638
6548 113
6549 784
6550 350
6551 580
6552 755
6553 345
6554 659
6555 99
6556 750
6557 706
6558 677
6559 322
6560 625
6561 219
6562 496
6563 258
6564 61
6565 932
6566 559
6567 609
6568 94
6569 166
6570 683
6571 350
6572 749
6573 690
6574 209
6575 677
6576 90
6577 928
6578 889
6579 153
6580 407
6581 782
6582 2
6583 441
6584 16
6585 427
6586 348
6587 297
6588 47
6589 135
6590 6
6591 374
6592 875
6593 337
6594 445
6595 581
6596 704
6597 52
6598 310
6599 320
6600 547
6601 303
6602 106
6603 334
6604 4
6605 976
6606 96
6607 438
6608 917
6609 452
6610 617
6611 152
6612 490
6613 237
6614 277
6615 40
6616 838
6617 489
6618 147
6619 208
6620 957
6621 226
6622 333
6623 969
6624 281
6625 120
6626 930
6627 701
6628 611
6629 455
6630 892
6631 988
6632 971
6633 582
6634 594
6635 952
6636 331
6637 686
6638 697
6639 127
6640 997
6641 946
6642 715
6643 118
6644 333
6645 593
6646 81
6647 349
6648 794
6649 182
6650 396
6651 618
6652 133
6653 776
6654 855
6655 357
6656 108
6657 915
6658 145
6659 101
6660 97
6661 586
6662 743
6663 750
6664 98
6665 62
6666 14
6667 992
6668 638
6669 144
6670 846
6671 277
6672 93
6673 263
6674 906
6675 14
6676 430
6677 959
6678 563
6679 546
6680 838
6681 846
6682 668
6683 869
6684 364
6685 868
6686 561
6687 361
6688 714
6689 646
6690 649
6691 907
6692 109
6693 151
6694 594
6695 308
6696 261
6697 804
6698 971
6699 826
6700 824
6701 162
6702 213
6703 643
6704 130
6705 799
6706 514
6707 974
6708 239
6709 785
6710 136
6711 606
6712 200
6713 807
6714 511
6715 611
6716 604
6717 50
6718 581
6719 230
6720 766
6721 303
6722 812
6723 73
6724 428
6725 580
6726 577
6727 594
6728 863
6729 972
6730 629
6731 18
6732 238
6733 473
6734 744
6735 109
6736 302
6737 789
6738 185
6739 696
6740 821
6741 733
6742 410
6743 610
6744 892
6745 675
6746 200
6747 545
6748 889
6749 582
6750 265
6751 802
6752 420
6753 840
6754 22
6755 149
6756 130
6757 924
6758 448
6759 922
6760 149
6761 970
6762 367
6763 948
6764 557
6765 408
6766 301
6767 352
6768 423
6769 734
6770 664
6771 665
6772 179
6773 542
6774 519
6775 204
6776 540
6777 655
6778 364
6779 971
6780 361
6781 549
6782 215
6783 137
6784 216
6785 534
6786 396
6787 353
6788 506
6789 923
6790 643
6791 411
6792 146
6793 249
6794 477
6795 35
6796 406
6797 259
6798 78
6799 455
6800 304
6801 846
6802 550
6803 374
6804 31
6805 920
6806 121
6807 904
6808 198
6809 854
6810 430
6811 557
6812 574
6813 857
6814 757
6815 94
6816 703
6817 620
6818 178
6819 42
6820 546
6821 757
6822 862
6823 350
6824 202
6825 573
6826 60
6827 277
6828 528
6829 606
6830 105
6831 359
6832 894
6833 864
6834 92
6835 713
6836 875
6837 495
6838 446
6839 577
6840 765
6841 357
6842 779
6843 387
6844 981
6845 992
6846 14
6847 229
6848 188
6849 567
6850 187
6851 252
6852 516
6853 126
6854 21
6855 609
6856 401
6857 252
6858 944
6859 140
6860 974
6861 957
6862 472
6863 19
6864 395
6865 9
6866 913
6867 431
6868 12
6869 136
6870 592
6871 395
6872 797
6873 304
6874 774
6875 113
6876 994
6877 300
6878 821
6879 315
6880 571
6881 339
6882 827
6883 755
6884 997
6885 795
6886 844
6887 288
6888 811
6889 400
6890 636
6891 309
6892 435
6893 948
6894 217
6895 807
6896 325
6897 244
6898 127
6899 292
6900 454
6901 685
6902 589
6903 826
6904 819
6905 154
6906 148
6907 499
6908 105
6909 91
6910 792
6911 139
6912 657
6913 235
6914 327
6915 603
6916 536
6917 334
6918 119
6919 862
6920 429
6921 61
6922 300
6923 492
6924 836
6925 40
6926 951
6927 568
6928 368
6929 383
6930 842
6931 171
6932 964
6933 660
6934 471
6935 804
6936 74
6937 888
6938 25
6939 309
6940 405
6941 377
6942 266
6943 98
6944 81
6945 836
6946 595
6947 592
6948 995
6949 925
6950 834
6951 767
6952 490
6953 601
6954 525
6955 486
6956 69
6957 884
6958 310
6959 506
6960 166
6961 387
6962 847
6963 634
6964 276
6965 656
6966 932
6967 706
6968 134
6969 446
6970 591
6971 586
6972 867
6973 88
6974 823
6975 123
6976 943
6977 170
6978 306
6979 157
6980 160
6981 947
6982 201
6983 119
6984 831
6985 62
6986 707
6987 597
6988 513
6989 947
6990 561
6991 895
6992 805
6993 335
6994 185
6995 556
6996 856
6997 941
6998 414
6999 154
7000 300
7001 415
7002 893
7003 40
7004 95
7005 925
7006 570
7007 938
7008 888
7009 872
7010 257
7011 488
7012 756
7013 444
7014 336
7015 692
7016 726
7017 96
7018 521
7019 621
7020 110
7021 699
7022 158
7023 461
7024 40
7025 517
7026 813
7027 932
7028 613
7029 887
7030 595
7031 151
7032 447
7033 296
7034 549
7035 705
7036 469
7037 973
7038 49
7039 412
7040 182
7041 627
7042 651
7043 419
7044 75
7045 156
7046 587
7047 911
7048 965
7049 157
7050 124
7051 124
7052 46
7053 288
7054 264
7055 984
7056 403
7057 146
7058 143
7059 679
7060 911
7061 234
7062 662
7063 518
7064 315
7065 901
7066 835
7067 474
7068 945
7069 426
7070 207
7071 532
7072 471
7073 359
7074 597
7075 660
7076 241
7077 760
7078 927
7079 174
7080 160
7081 718
7082 383
7083 493
7084 54
7085 652
7086 931
7087 979
7088 523
7089 905
7090 834
7091 914
7092 297
7093 659
7094 219
7095 306
7096 764
7097 921
7098 524
7099 495
7100 542
7101 258
7102 752
7103 478
7104 599
7105 239
7106 594
7107 629
7108 561
7109 338
7110 822
7111 772
7112 937
7113 658
7114 135
7115 76
7116 25
7117 964
7118 83
7119 90
7120 203
7121 160
7122 602
7123 335
7124 712
7125 173
7126 637
7127 335
7128 951
7129 97
7130 716
7131 140
7132 953
7133 936
7134 112
7135 319
7136 624
7137 208
7138 471
7139 35
7140 104
7141 528
7142 581
7143 190
7144 670
7145 899
7146 527
7147 796
7148 237
7149 21
7150 908
7151 425
7152 127
7153 952
7154 276
7155 627
7156 112
7157 715
7158 850
7159 474
7160 119
7161 848
7162 446
7163 845
7164 78
7165 81
7166 235
7167 859
7168 96
7169 254
7170 535
7171 66
7172 954
7173 413
7174 585
7175 423
7176 786
7177 790
7178 36
7179 315
7180 132
7181 90
7182 114
7183 438
7184 676
7185 664
7186 740
7187 74
7188 461
7189 931
7190 885
7191 927
7192 480
7193 44
7194 567
7195 870
7196 32
7197 527
7198 181
7199 348
7200 386
7201 852
7202 839
7203 374
7204 563
7205 997
7206 636
7207 796
7208 617
7209 639
7210 866
7211 203
7212 179
7213 415
7214 536
7215 506
7216 901
7217 402
7218 661
7219 784
7220 731
7221 248
7222 266
7223 616
7224 302
7225 398
7226 234
7227 523
7228 29
7229 328
7230 722
7231 1
7232 59
7233 575
7234 586
7235 859
7236 910
7237 172
7238 387
7239 671
7240 184
7241 457
7242 132
7243 665
7244 878
7245 696
7246 205
7247 419
7248 134
7249 219
7250 292
7251 185
7252 901
7253 383
7254 845
7255 747
7256 622
7257 309
7258 667
7259 712
7260 599
7261 102
7262 622
7263 587
7264 414
7265 155
7266 301
7267 765
7268 873
7269 798
7270 699
7271 255
7272 106
7273 201
7274 614
7275 385
7276 137
7277 1
7278 922
7279 92
7280 939
7281 246
7282 388
7283 73
7284 985
7285 794
7286 978
7287 884
7288 387
7289 259
7290 984
7291 664
7292 411
7293 383
7294 221
7295 208
7296 767
7297 67
7298 620
7299 111
7300 46
7301 112
7302 718
7303 877
7304 507
7305 402
7306 349
7307 863
7308 967
7309 470
7310 492
7311 410
7312 49
7313 656
7314 570
7315 635
7316 808
7317 975
7318 77
7319 374
7320 410
7321 717
7322 482
7323 809
7324 949
7325 14
7326 515
7327 316
7328 794
7329 812
7330 10
7331 735
7332 369
7333 173
7334 842
7335 136
7336 456
7337 834
7338 252
7339 767
7340 621
7341 284
7342 519
7343 80
7344 755
7345 357
7346 617
7347 29
7348 401
7349 984
7350 26
7351 181
7352 101
7353 495
7354 768
7355 637
7356 728
7357 375
7358 484
7359 257
7360 371
7361 826
7362 467
7363 184
7364 728
7365 824
7366 801
7367 513
7368 819
7369 323
7370 361
7371 237
7372 623
7373 998
7374 847
7375 963
7376 525
7377 936
7378 206
7379 521
7380 391
7381 467
7382 749
7383 878
7384 74
7385 820
7386 915
7387 26
7388 674
7389 590
7390 452
7391 318
7392 479
7393 792
7394 28
7395 109
7396 774
7397 695
7398 873
7399 502
7400 586
7401 769
7402 269
7403 909
7404 777
7405 568
7406 280
7407 341
7408 723
7409 974
7410 764
7411 413
7412 581
7413 267
7414 514
7415 932
7416 764
7417 297
7418 938
7419 594
7420 197
7421 40
7422 159
7423 980
7424 489
7425 11
7426 257
7427 107
7428 894
7429 765
7430 972
7431 506
7432 897
7433 793
7434 726
7435 779
7436 422
7437 910
7438 590
7439 685
7440 906
7441 971
7442 48
7443 539
7444 896
7445 580
7446 333
7447 44
7448 736
7449 41
7450 775
7451 706
7452 158
7453 447
7454 217
7455 689
7456 334
7457 150
7458 13
7459 407
7460 701
7461 919
7462 816
7463 594
7464 18
7465 527
7466 240
7467 138
7468 724
7469 444
7470 341
7471 109
7472 573
7473 810
7474 205
7475 72
7476 92
7477 595
7478 282
7479 761
7480 841
7481 409
7482 398
7483 918
7484 753
7485 849
7486 519
7487 593
7488 1
7489 182
7490 85
7491 579
7492 958
7493 119
7494 615
7495 89
7496 851
7497 503
7498 782
7499 0
7500 93
7501 710
7502 170
7503 201
7504 609
7505 600
7506 728
7507 256
7508 189
7509 666
7510 381
7511 215
7512 115
7513 85
7514 796
7515 826
7516 225
7517 25
7518 491
7519 911
7520 94
7521 55
7522 804
7523 116
7524 439
7525 571
7526 599
7527 900
7528 727
7529 388
7530 693
7531 759
7532 462
7533 193
7534 935
7535 509
7536 952
7537 769
7538 245
7539 735
7540 966
7541 855
7542 858
7543 843
7544 346
7545 873
7546 844
7547 250
7548 747
7549 403
7550 434
7551 807
7552 409
7553 661
7554 175
7555 198
7556 810
7557 741
7558 307
7559 150
7560 979
7561 762
7562 960
7563 180
7564 874
7565 695
7566 697
7567 22
7568 664
7569 704
7570 87
7571 57
7572 940
7573 773
7574 693
7575 632
7576 99
7577 848
7578 339
7579 522
7580 347
7581 427
7582 873
7583 830
7584 182
7585 75
7586 633
7587 917
7588 748
7589 779
7590 415
7591 195
7592 266
7593 871
7594 124
7595 860
7596 335
7597 742
7598 197
7599 608
7600 796
7601 762
7602 106
7603 938
7604 291
7605 440
7606 11
7607 355
7608 280
7609 806
7610 453
7611 53
7612 725
7613 622
7614 338
7615 447
7616 578
7617 150
7618 79
7619 100
7620 601
7621 496
7622 334
7623 720
7624 504
7625 805
7626 964
7627 993
7628 87
7629 9
7630 693
7631 925
7632 81
7633 947
7634 563
7635 942
7636 327
7637 84
7638 158
7639 567
7640 520
7641 241
7642 589
7643 121
7644 933
7645 542
7646 2
7647 558
7648 200
7649 25
7650 484
7651 889
7652 405
7653 689
7654 286
7655 200
7656 609
7657 737
7658 925
7659 48
7660 519
7661 596
7662 15
7663 523
7664 73
7665 662
7666 966
7667 512
7668 956
7669 557
7670 875
7671 296
7672 564
7673 35
7674 888
7675 224
7676 350
7677 777
7678 262
7679 512
7680 269
7681 753
7682 661
7683 207
7684 507
7685 24
7686 610
7687 688
7688 657
7689 934
7690 450
7691 37
7692 427
7693 36
7694 557
7695 942
7696 690
7697 600
7698 38
7699 294
7700 637
7701 976
7702 503
7703 667
7704 658
7705 801
7706 313
7707 200
7708 5
7709 946
7710 56
7711 928
7712 211
7713 730
7714 125
7715 97
7716 65
7717 563
7718 142
7719 795
7720 637
7721 881
7722 576
7723 620
7724 902
7725 915
7726 900
7727 353
7728 976
7729 293
7730 768
7731 282
7732 583
7733 215
7734 276
7735 875
7736 533
7737 398
7738 980
7739 779
7740 358
7741 749
7742 86
7743 83
7744 936
7745 536
7746 417
7747 789
7748 105
7749 308
7750 718
7751 517
7752 136
7753 534
7754 26
7755 880
7756 6
7757 871
7758 785
7759 616
7760 613
7761 688
7762 807
7763 914
7764 902
7765 576
7766 15
7767 29
7768 489
7769 575
7770 647
7771 734
7772 261
7773 902
7774 690
7775 564
7776 168
7777 750
7778 53
7779 437
7780 800
7781 281
7782 262
7783 851
7784 807
7785 624
7786 509
7787 991
7788 45
7789 266
7790 775
7791 56
7792 783
7793 206
7794 839
7795 912
7796 398
7797 766
7798 845
7799 44
7800 163
7801 496
7802 859
7803 285
7804 605
7805 529
7806 642
7807 968
7808 445
7809 64
7810 340
7811 838
7812 545
7813 565
7814 650
7815 248
7816 821
7817 100
7818 573
7819 68
7820 416
7821 706
7822 913
7823 172
7824 409
7825 171
7826 302
7827 145
7828 386
7829 237
7830 712
7831 772
7832 309
7833 796
7834 31
7835 276
7836 628
7837 443
7838 769
7839 569
7840 909
7841 668
7842 586
7843 932
7844 433
7845 804
7846 285
7847 217
7848 566
7849 670
7850 717
7851 282
7852 402
7853 586
7854 901
7855 609
7856 640
7857 202
7858 125
7859 593
7860 631
7861 9
7862 942
7863 114
7864 926
7865 176
7866 340
7867 375
7868 900
7869 471
7870 194
7871 558
7872 451
7873 36
7874 60
7875 459
7876 757
7877 338
7878 29
7879 465
7880 702
7881 73
7882 305
7883 742
7884 649
7885 366
7886 965
7887 2
7888 775
7889 856
7890 779
7891 140
7892 521
7893 327
7894 177
7895 65
7896 215
7897 464
7898 169
7899 394
7900 794
7901 192
7902 187
7903 16
7904 411
7905 237
7906 46
7907 167
7908 142
7909 308
7910 374
7911 724
7912 89
7913 922
7914 87
7915 869
7916 239
7917 403
7918 551
7919 307
7920 834
7921 168
7922 330
7923 70
7924 620
7925 617
7926 767
7927 174
7928 654
7929 511
7930 695
7931 465
7932 169
7933 148
7934 310
7935 822
7936 938
7937 50
7938 891
7939 468
7940 259
7941 805
7942 674
7943 287
7944 668
7945 45
7946 568
7947 481
7948 337
7949 219
7950 166
7951 841
7952 869
7953 280
7954 566
7955 275
7956 388
7957 229
7958 74
7959 396
7960 550
7961 378
7962 677
7963 263
7964 295
7965 918
7966 257
7967 457
7968 483
7969 840
7970 23
7971 702
7972 375
7973 768
7974 686
7975 110
7976 986
7977 973
7978 594
7979 847
7980 139
7981 324
7982 173
7983 800
7984 156
7985 890
7986 28
7987 39
7988 276
7989 414
7990 456
7991 767
7992 163
7993 349
7994 517
7995 922
7996 822
7997 435
7998 927
7999 631
8000 722
8001 707
8002 496
8003 848
8004 373
8005 803
8006 990
8007 219
8008 16
8009 119
8010 481
8011 683
8012 848
8013 889
8014 562
8015 842
8016 188
8017 978
8018 39
8019 69
8020 529
8021 200
8022 700
8023 716
8024 801
8025 955
8026 979
8027 284
8028 867
8029 589
8030 468
8031 51
8032 259
8033 926
8034 31
8035 32
8036 922
8037 569
8038 182
8039 380
8040 744
8041 95
8042 408
8043 761
8044 446
8045 382
8046 64
8047 917
8048 952
8049 5
8050 228
8051 755
8052 119
8053 511
8054 961
8055 190
8056 885
8057 169
8058 252
8059 315
8060 738
8061 946
8062 340
8063 170
8064 459
8065 318
8066 291
8067 288
8068 562
8069 615
8070 714
8071 557
8072 760
8073 184
8074 556
8075 229
8076 943
8077 231
8078 619
8079 981
8080 661
8081 487
8082 879
8083 131
8084 386
8085 655
8086 557
8087 778
8088 986
8089 435
8090 188
8091 849
8092 710
8093 340
8094 746
8095 735
8096 541
8097 479
8098 597
8099 830
8100 720
8101 615
8102 222
8103 969
8104 964
8105 143
8106 608
8107 186
8108 432
8109 752
8110 823
8111 125
8112 653
8113 940
8114 715
8115 906
8116 165
8117 229
8118 971
8119 699
8120 837
8121 868
8122 302
8123 923
8124 804
8125 585
8126 740
8127 847
8128 678
8129 12
8130 108
8131 108
8132 578
8133 111
8134 79
8135 4
8136 566
8137 208
8138 761
8139 158
8140 157
8141 742
8142 312
8143 841
8144 750
8145 607
8146 924
8147 13
8148 806
8149 443
8150 15
8151 622
8152 368
8153 409
8154 6
8155 781
8156 665
8157 764
8158 341
8159 581
8160 760
8161 34
8162 89
8163 375
8164 42
8165 409
8166 79
8167 35
8168 684
8169 134
8170 818
8171 692
8172 137
8173 219
8174 257
8175 637
8176 4
8177 796
8178 79
8179 102
8180 191
8181 703
8182 668
8183 926
8184 905
8185 622
8186 729
8187 643
8188 438
8189 818
8190 441
8191 173
8192 73
8193 677
8194 771
8195 859
8196 221
8197 763
8198 483
8199 73
8200 993
8201 38
8202 368
8203 743
8204 225
8205 541
8206 488
8207 607
8208 377
8209 465
8210 720
8211 274
8212 245
8213 660
8214 832
8215 271
8216 907
8217 670
8218 195
8219 337
8220 298
8221 349
8222 908
8223 252
8224 788
8225 976
8226 636
8227 676
8228 767
8229 696
8230 824
8231 570
8232 441
8233 324
8234 342
8235 892
8236 249
8237 663
8238 144
8239 584
8240 771
8241 704
8242 594
8243 157
8244 443
8245 574
8246 182
8247 966
8248 403
8249 366
8250 775
8251 675
8252 184
8253 386
8254 178
8255 501
8256 198
8257 944
8258 416
8259 598
8260 307
8261 620
8262 784
8263 411
8264 785
8265 411
8266 897
8267 288
8268 941
8269 309
8270 253
8271 966
8272 141
8273 310
8274 322
8275 459
8276 103
8277 449
8278 346
8279 750
8280 620
8281 561
8282 650
8283 61
8284 259
8285 590
8286 511
8287 965
8288 193
8289 376
8290 476
8291 373
8292 158
8293 68
8294 368
8295 992
8296 716
8297 848
8298 381
8299 181
8300 713
8301 164
8302 67
8303 356
8304 851
8305 534
8306 363
8307 815
8308 379
8309 826
8310 56
8311 915
8312 474
8313 317
8314 151
8315 10
8316 168
8317 708
8318 567
8319 727
8320 931
8321 254
8322 707
8323 197
8324 957
8325 378
8326 437
8327 435
8328 758
8329 926
8330 677
8331 136
8332 456
8333 854
8334 95
8335 983
8336 826
8337 397
8338 186
8339 983
8340 748
8341 939
8342 284
8343 306
8344 89
8345 243
8346 395
8347 608
8348 187
8349 664
8350 998
8351 287
8352 56
8353 820
8354 58
8355 33
8356 201
8357 724
8358 417
8359 122
8360 516
8361 35
8362 285
8363 69
8364 247
8365 961
8366 59
8367 946
8368 989
8369 479
8370 18
8371 510
8372 198
8373 946
8374 634
8375 486
8376 230
8377 738
8378 673
8379 945
8380 175
8381 822
8382 176
8383 258
8384 162
8385 662
8386 685
8387 439
8388 89
8389 997
8390 610
8391 833
8392 504
8393 400
8394 370
8395 888
8396 666
8397 111
8398 92
8399 474
8400 40
8401 551
8402 744
8403 399
8404 732
8405 866
8406 606
8407 604
8408 60
8409 628
8410 22
8411 835
8412 593
8413 954
8414 770
8415 571
8416 399
8417 657
8418 863
8419 881
8420 311
8421 553
8422 386
8423 851
8424 704
8425 628
8426 304
8427 36
8428 77
8429 270
8430 910
8431 417
8432 576
8433 946
8434 511
8435 607
8436 459
8437 239
8438 708
8439 367
8440 927
8441 230
8442 437
8443 632
8444 982
8445 257
8446 510
8447 135
8448 322
8449 433
8450 693
8451 621
8452 777
8453 244
8454 559
8455 556
8456 456
8457 793
8458 66
8459 991
8460 932
8461 593
8462 573
8463 350
8464 599
8465 44
8466 412
8467 995
8468 288
8469 741
8470 608
8471 420
8472 67
8473 356
8474 675
8475 93
8476 896
8477 901
8478 921
8479 169
8480 0
8481 474
8482 970
8483 973
8484 497
8485 122
8486 532
8487 697
8488 298
8489 108
8490 309
8491 940
8492 218
8493 180
8494 229
8495 419
8496 731
8497 201
8498 762
8499 645
8500 92
8501 920
8502 670
8503 14
8504 573
8505 673
8506 219
8507 526
8508 435
8509 452
8510 311
8511 525
8512 835
8513 23
8514 866
8515 654
8516 379
8517 375
8518 916
8519 21
8520 172
8521 496
8522 516
8523 726
8524 340
8525 860
8526 443
8527 876
8528 640
8529 220
8530 102
8531 938
8532 958
8533 949
8534 586
8535 305
8536 504
8537 721
8538 610
8539 495
8540 173
8541 761
8542 948
8543 152
8544 177
8545 53
8546 411
8547 988
8548 133
8549 584
8550 693
8551 589
8552 81
8553 850
8554 68
8555 147
8556 438
8557 347
8558 41
8559 181
8560 984
8561 137
8562 444
8563 750
8564 480
8565 143
8566 40
8567 834
8568 392
8569 746
8570 884
8571 116
8572 136
8573 560
8574 909
8575 725
8576 942
8577 439
8578 718
8579 251
8580 313
8581 616
8582 130
8583 868
8584 414
8585 790
8586 512
8587 269
8588 603
8589 199
8590 68
8591 835
8592 233
8593 494
8594 999
8595 53
8596 144
8597 681
8598 765
8599 868
8600 242
8601 422
8602 596
8603 385
8604 729
8605 869
8606 68
8607 593
8608 428
8609 18
8610 266
8611 639
8612 4
8613 787
8614 246
8615 550
8616 374
8617 568
8618 797
8619 825
8620 721
8621 547
8622 257
8623 266
8624 582
8625 861
8626 99
8627 347
8628 408
8629 617
8630 739
8631 452
8632 441
8633 938
8634 902
8635 729
8636 932
8637 229
8638 454
8639 775
8640 913
8641 514
8642 264
8643 908
8644 362
8645 309
8646 983
8647 224
8648 69
8649 195
8650 246
8651 259
8652 146
8653 867
8654 82
8655 612
8656 564
8657 914
8658 893
8659 732
8660 684
8661 323
8662 727
8663 205
8664 649
8665 545
8666 759
8667 370
8668 212
8669 986
8670 984
8671 516
8672 856
8673 35
8674 487
8675 693
8676 663
8677 58
8678 24
8679 765
8680 415
8681 644
8682 200
8683 383
8684 643
8685 67
8686 452
8687 864
8688 534
8689 819
8690 993
8691 811
8692 506
8693 577
8694 845
8695 827
8696 303
8697 648
8698 587
8699 606
8700 71
8701 634
8702 444
8703 578
8704 53
8705 624
8706 488
8707 504
8708 270
8709 926
8710 565
8711 402
8712 344
8713 214
8714 158
8715 985
8716 176
8717 943
8718 740
8719 831
8720 424
8721 633
8722 490
8723 998
8724 284
8725 448
8726 282
8727 3
8728 149
8729 659
8730 109
8731 27
8732 463
8733 32
8734 384
8735 648
8736 813
8737 622
8738 522
8739 447
8740 885
8741 142
8742 441
8743 34
8744 69
8745 510
8746 365
8747 749
8748 420
8749 675
8750 276
8751 183
8752 206
8753 555
8754 221
8755 999
8756 431
8757 405
8758 992
8759 528
8760 993
8761 261
8762 898
8763 475
8764 337
8765 144
8766 374
8767 103
8768 795
8769 192
8770 423
8771 816
8772 878
8773 636
8774 554
8775 337
8776 169
8777 752
8778 176
8779 831
8780 189
8781 100
8782 602
8783 667
8784 269
8785 531
8786 565
8787 835
8788 87
8789 739
8790 309
8791 559
8792 175
8793 220
8794 853
8795 107
8796 161
8797 550
8798 996
8799 198
8800 211
8801 67
8802 907
8803 221
8804 205
8805 454
8806 595
8807 660
8808 625
8809 935
8810 756
8811 986
8812 461
8813 429
8814 880
8815 632
8816 783
8817 134
8818 975
8819 263
8820 192
8821 238
8822 947
8823 491
8824 961
8825 241
8826 627
8827 391
8828 858
8829 766
8830 844
8831 382
8832 762
8833 291
8834 307
8835 235
8836 0
8837 191
8838 424
8839 406
8840 264
8841 384
8842 741
8843 524
8844 33
8845 634
8846 364
8847 609
8848 539
8849 32
8850 446
8851 373
8852 54
8853 506
8854 799
8855 240
8856 677
8857 75
8858 743
8859 659
8860 385
8861 269
8862 852
8863 429
8864 43
8865 179
8866 123
8867 822
8868 553
8869 251
8870 157
8871 380
8872 322
8873 391
8874 398
8875 287
8876 180
8877 983
8878 969
8879 267
8880 98
8881 308
8882 127
8883 378
8884 444
8885 11
8886 886
8887 763
8888 926
8889 268
8890 550
8891 547
8892 474
8893 46
8894 687
8895 70
8896 450
8897 856
8898 790
8899 922
8900 869
8901 431
8902 494
8903 41
8904 11
8905 7
8906 459
8907 169
8908 828
8909 648
8910 362
8911 945
8912 426
8913 439
8914 349
8915 146
8916 767
8917 429
8918 346
8919 143
8920 720
8921 864
8922 979
8923 875
8924 849
8925 204
8926 112
8927 22
8928 219
8929 726
8930 600
8931 403
8932 608
8933 597
8934 703
8935 129
8936 439
8937 869
8938 689
8939 820
8940 83
8941 761
8942 701
8943 504
8944 262
8945 61
8946 21
8947 865
8948 291
8949 533
8950 745
8951 329
8952 704
8953 749
8954 731
8955 287
8956 778
8957 277
8958 189
8959 272
8960 763
8961 929
8962 854
8963 237
8964 654
8965 475
8966 660
8967 17
8968 3
8969 877
8970 716
8971 21
8972 446
8973 375
8974 933
8975 698
8976 834
8977 929
8978 978
8979 755
8980 747
8981 558
8982 486
8983 676
8984 169
8985 941
8986 969
8987 218
8988 632
8989 580
8990 913
8991 65
8992 805
8993 548
8994 572
8995 100
8996 667
8997 172
8998 785
8999 204
9000 834
9001 258
9002 415
9003 600
9004 753
9005 797
9006 157
9007 686
9008 267
9009 8
9010 289
9011 851
9012 461
9013 171
9014 428
9015 493
9016 871
9017 948
9018 794
9019 682
9020 249
9021 990
9022 103
9023 796
9024 869
9025 635
9026 605
9027 363
9028 18
9029 515
9030 331
9031 655
9032 849
9033 81
9034 503
9035 881
9036 368
9037 422
9038 387
9039 237
9040 971
9041 117
9042 37
9043 599
9044 675
9045 922
9046 713
9047 334
9048 695
9049 536
9050 466
9051 857
9052 182
9053 757
9054 957
9055 885
9056 735
9057 340
9058 790
9059 528
9060 360
9061 655
9062 28
9063 37
9064 314
9065 150
9066 383
9067 460
9068 406
9069 128
9070 530
9071 437
9072 441
9073 117
9074 355
9075 217
9076 930
9077 639
9078 576
9079 766
9080 764
9081 675
9082 811
9083 781
9084 118
9085 927
9086 102
9087 337
9088 616
9089 905
9090 610
9091 30
9092 817
9093 537
9094 273
9095 227
9096 427
9097 812
9098 92
9099 861
9100 392
9101 623
9102 606
9103 794
9104 670
9105 764
9106 63
9107 63
9108 173
9109 956
9110 116
9111 814
9112 698
9113 377
9114 92
9115 672
9116 932
9117 790
9118 598
9119 331
9120 283
9121 774
9122 142
9123 376
9124 160
9125 710
9126 78
9127 291
9128 296
9129 984
9130 905
9131 392
9132 114
9133 61
9134 355
9135 943
9136 632
9137 934
9138 484
9139 875
9140 570
9141 150
9142 595
9143 132
9144 965
9145 416
9146 639
9147 359
9148 739
9149 704
9150 793
9151 855
9152 748
9153 625
9154 917
9155 547
9156 483
9157 171
9158 319
9159 628
9160 931
9161 902
9162 803
9163 896
9164 152
9165 511
9166 725
9167 544
9168 674
9169 334
9170 406
9171 18
9172 563
9173 42
9174 864
9175 964
9176 138
9177 809
9178 305
9179 750
9180 472
9181 72
9182 251
9183 314
9184 544
9185 220
9186 716
9187 539
9188 572
9189 954
9190 881
9191 815
9192 650
9193 977
9194 373
9195 43
9196 421
9197 442
9198 231
9199 826
9200 784
9201 121
9202 514
9203 200
9204 5
9205 203
9206 959
9207 817
9208 836
9209 259
9210 389
9211 289
9212 215
9213 971
9214 112
9215 344
9216 610
9217 883
9218 574
9219 60
9220 192
9221 649
9222 854
9223 259
9224 944
9225 30
9226 444
9227 931
9228 110
9229 945
9230 15
9231 192
9232 670
9233 410
9234 132
9235 594
9236 172
9237 53
9238 899
9239 479
9240 575
9241 344
9242 559
9243 276
9244 940
9245 419
9246 948
9247 676
9248 430
9249 331
9250 128
9251 538
9252 995
9253 891
9254 747
9255 857
9256 241
9257 497
9258 99
9259 942
9260 799
9261 96
9262 176
9263 958
9264 945
9265 454
9266 271
9267 81
9268 676
9269 92
9270 114
9271 259
9272 63
9273 965
9274 236
9275 411
9276 242
9277 589
9278 867
9279 378
9280 184
9281 8
9282 766
9283 409
9284 536
9285 133
9286 285
9287 983
9288 602
9289 733
9290 663
9291 14
9292 196
9293 51
9294 342
9295 41
9296 52
9297 137
9298 992
9299 500
9300 912
9301 20
9302 663
9303 808
9304 585
9305 958
9306 280
9307 202
9308 422
9309 182
9310 225
9311 846
9312 333
9313 246
9314 818
9315 125
9316 964
9317 985
9318 510
9319 192
9320 246
9321 463
9322 828
9323 760
9324 849
9325 870
9326 165
9327 756
9328 724
9329 950
9330 882
9331 526
9332 221
9333 513
9334 198
9335 115
9336 536
9337 246
9338 14
9339 540
9340 676
9341 921
9342 898
9343 709
9344 272
9345 520
9346 859
9347 202
9348 51
9349 244
9350 300
9351 129
9352 665
9353 378
9354 453
9355 656
9356 977
9357 725
9358 514
9359 348
9360 235
9361 754
9362 90
9363 275
9364 415
9365 312
9366 611
9367 190
9368 569
9369 114
9370 555
9371 311
9372 224
9373 570
9374 202
9375 539
9376 533
9377 699
9378 795
9379 875
9380 433
9381 603
9382 417
9383 221
9384 920
9385 307
9386 398
9387 362
9388 409
9389 301
9390 127
9391 276
9392 359
9393 89
9394 715
9395 830
9396 426
9397 724
9398 826
9399 816
9400 606
9401 69
9402 658
9403 757
9404 550
9405 181
9406 149
9407 883
9408 1
9409 107
9410 663
9411 502
9412 66
9413 113
9414 275
9415 865
9416 277
9417 110
9418 380
9419 346
9420 525
9421 817
9422 377
9423 809
9424 187
9425 975
9426 274
9427 725
9428 82
9429 257
9430 167
9431 739
9432 637
9433 237
9434 40
9435 363
9436 633
9437 286
9438 55
9439 641
9440 151
9441 43
9442 162
9443 917
9444 721
9445 562
9446 52
9447 160
9448 278
9449 735
9450 675
9451 4
9452 641
9453 189
9454 492
9455 982
9456 468
9457 247
9458 114
9459 474
9460 426
9461 499
9462 334
9463 579
9464 729
9465 467
9466 456
9467 830
9468 294
9469 250
9470 948
9471 465
9472 883
9473 992
9474 352
9475 838
9476 812
9477 786
9478 2
9479 78
9480 31
9481 945
9482 622
9483 844
9484 657
9485 629
9486 828
9487 199
9488 517
9489 285
9490 440
9491 402
9492 743
9493 366
9494 955
9495 836
9496 359
9497 206
9498 15
9499 336
9500 417
9501 859
9502 456
9503 320
9504 673
9505 597
9506 686
9507 163
9508 140
9509 357
9510 519
9511 424
9512 154
9513 561
9514 145
9515 389
9516 424
9517 973
9518 365
9519 553
9520 530
9521 207
9522 863
9523 354
9524 717
9525 822
9526 986
9527 547
9528 426
9529 960
9530 81
9531 198
9532 398
9533 855
9534 312
9535 138
9536 854
9537 144
9538 904
9539 545
9540 744
9541 152
9542 865
9543 337
9544 197
9545 130
9546 314
9547 165
9548 323
9549 745
9550 844
9551 39
9552 583
9553 95
9554 692
9555 932
9556 887
9557 672
9558 335
9559 156
9560 766
9561 766
9562 225
9563 684
9564 472
9565 569
9566 278
9567 154
9568 325
9569 322
9570 505
9571 340
9572 11
9573 477
9574 779
9575 942
9576 699
9577 705
9578 322
9579 510
9580 854
9581 246
9582 715
9583 589
9584 865
9585 825
9586 507
9587 501
9588 651
9589 134
9590 447
9591 681
9592 927
9593 187
9594 67
9595 758
9596 861
9597 853
9598 399
9599 340
9600 394
9601 522
9602 846
9603 416
9604 128
9605 418
9606 152
9607 834
9608 265
9609 234
9610 112
9611 941
9612 733
9613 950
9614 959
9615 592
9616 115
9617 971
9618 471
9619 545
9620 499
9621 774
9622 812
9623 585
9624 218
9625 380
9626 756
9627 223
9628 791
9629 655
9630 264
9631 405
9632 938
9633 218
9634 162
9635 513
9636 516
9637 106
9638 6
9639 305
9640 210
9641 449
9642 461
9643 823
9644 763
9645 303
9646 901
9647 4
9648 241
9649 255
9650 524
9651 899
9652 268
9653 971
9654 163
9655 261
9656 17
9657 509
9658 856
9659 669
9660 506
9661 940
9662 939
9663 592
9664 152
9665 295
9666 162
9667 515
9668 883
9669 969
9670 56
9671 168
9672 50
9673 273
9674 368
9675 46
9676 213
9677 580
9678 479
9679 467
9680 735
9681 609
9682 183
9683 585
9684 754
9685 465
9686 280
9687 659
9688 235
9689 170
9690 298
9691 403
9692 580
9693 606
9694 741
9695 513
9696 976
9697 356
9698 489
9699 993
9700 137
9701 963
9702 753
9703 666
9704 509
9705 654
9706 490
9707 559
9708 799
9709 17
9710 394
9711 380
9712 674
9713 783
9714 884
9715 622
9716 856
9717 205
9718 960
9719 118
9720 209
9721 518
9722 910
9723 76
9724 23
9725 755
9726 155
9727 965
9728 238
9729 23
9730 220
9731 593
9732 641
9733 668
9734 751
9735 227
9736 943
9737 214
9738 810
9739 718
9740 101
9741 674
9742 835
9743 496
9744 109
9745 195
9746 918
9747 629
9748 332
9749 433
9750 485
9751 963
9752 353
9753 701
9754 305
9755 414
9756 705
9757 598
9758 231
9759 71
9760 343
9761 161
9762 174
9763 573
9764 736
9765 537
9766 189
9767 712
9768 653
9769 851
9770 962
9771 782
9772 715
9773 436
9774 540
9775 597
9776 212
9777 289
9778 394
9779 524
9780 720
9781 859
9782 892
9783 502
9784 702
9785 757
9786 583
9787 979
9788 507
9789 67
9790 71
9791 932
9792 622
9793 105
9794 852
9795 843
9796 770
9797 485
9798 279
9799 741
9800 74
9801 690
9802 6
9803 365
9804 244
9805 394
9806 155
9807 343
9808 644
9809 190
9810 547
9811 757
9812 993
9813 525
9814 570
9815 905
9816 260
9817 48
9818 619
9819 344
9820 444
9821 14
9822 93
9823 79
9824 527
9825 617
9826 706
9827 965
9828 523
9829 395
9830 81
9831 37
9832 675
9833 222
9834 691
9835 766
9836 677
9837 663
9838 690
9839 424
9840 968
9841 558
9842 22
9843 261
9844 210
9845 413
9846 481
9847 834
9848 440
9849 115
9850 946
9851 537
9852 567
9853 811
9854 967
9855 605
9856 247
9857 326
9858 459
9859 728
9860 255
9861 673
9862 799
9863 980
9864 859
9865 380
9866 813
9867 868
9868 306
9869 993
9870 559
9871 23
9872 812
9873 285
9874 854
9875 145
9876 65
9877 926
9878 63
9879 125
9880 588
9881 641
9882 271
9883 706
9884 591
9885 303
9886 383
9887 985
9888 288
9889 315
9890 283
9891 912
9892 497
9893 243
9894 805
9895 583
9896 222
9897 920
9898 591
9899 389
9900 679
9901 635
9902 549
9903 557
9904 668
9905 206
9906 480
9907 699
9908 320
9909 149
9910 926
9911 164
9912 487
9913 607
9914 295
9915 359
9916 745
9917 989
9918 155
9919 463
9920 360
9921 181
9922 615
9923 914
9924 950
9925 171
9926 943
9927 785
9928 40
9929 789
9930 549
9931 499
9932 391
9933 529
9934 959
9935 336
9936 325
9937 598
9938 279
9939 920
9940 844
9941 892
9942 420
9943 446
9944 874
9945 265
9946 869
9947 468
9948 497
9949 320
9950 846
9951 172
9952 923
9953 952
9954 475
9955 807
9956 50
9957 406
9958 561
9959 950
9960 533
9961 232
9962 892
9963 228
9964 319
9965 288
9966 19
9967 444
9968 458
9969 577
9970 368
9971 803
9972 537
9973 681
9974 219
9975 988
9976 75
9977 706
9978 398
9979 37
9980 155
9981 230
9982 907
9983 123
9984 107
9985 359
9986 890
9987 326
9988 881
9989 713
9990 951
9991 203
9992 826
9993 805
9994 496
9995 106
9996 931
9997 898
9998 420
9999 451
10000 598